data_weather/step_67.json
{"header": {"nx": 220, "ny": 225, "lo1": 11.000000000000096, "la1": 39.480000000000906, "lo2": 16.475000000000172, "la2": 35.000000000000206, "dx": 0.025000000000000355, "dy": 0.020000000000003126, "scanMode": 0, "refTime": "2026-03-13T07:00:00.000Z", "parameterCategory": 2, "parameterNumber": 3}, "data":
[rows 80 to 99 of 225, columns 138 to 183 of 220]
0.699999988079071,0.4000000059604645,-0.30000001192092896,-0.4000000059604645,-0.10000000149011612,0.6000000238418579,0.6000000238418579,0.5,0.5,0.20000000298023224,-0.10000000149011612,-0.10000000149011612,-0.4000000059604645,-0.20000000298023224,-0.10000000149011612,-0.20000000298023224,-0.5,-0.699999988079071,-0.6000000238418579,-0.10000000149011612,0.0,0.30000001192092896,0.30000001192092896,0.30000001192092896,0.20000000298023224,0.20000000298023224,0.10000000149011612,0.6000000238418579,0.10000000149011612,-0.6000000238418579,-1.7999999523162842,-1.5,-0.6000000238418579,0.10000000149011612,-0.20000000298023224,-0.0,0.20000000298023224,0.30000001192092896,0.20000000298023224,0.10000000149011612,-0.10000000149011612,-0.20000000298023224,-0.5,-1.0,-1.600000023841858,-1.899999976158142
-0.6000000238418579,-0.8999999761581421,-1.2000000476837158,-1.2000000476837158,-1.0,-0.6000000238418579,-0.6000000238418579,-0.30000001192092896,-0.10000000149011612,-0.10000000149011612,-0.0,0.20000000298023224,-0.10000000149011612,0.0,-0.0,-0.0,-0.20000000298023224,-0.20000000298023224,-0.20000000298023224,0.5,0.6000000238418579,0.20000000298023224,-0.10000000149011612,-0.30000001192092896,-0.30000001192092896,-0.30000001192092896,0.0,0.4000000059604645,0.30000001192092896,-0.4000000059604645,-1.7999999523162842,-2.0999999046325684,-1.5,-0.20000000298023224,0.0,0.30000001192092896,0.5,0.6000000238418579,0.5,0.4000000059604645,0.10000000149011612,-0.20000000298023224,-0.6000000238418579,-1.100000023841858,-1.7000000476837158,-2.0
-1.100000023841858,-1.0,-1.2999999523162842,-1.2000000476837158,-1.100000023841858,-0.8999999761581421,-1.0,-0.8999999761581421,-0.6000000238418579,-0.6000000238418579,-0.800000011920929,-0.5,-0.20000000298023224,-0.10000000149011612,-0.30000001192092896,-0.0,0.10000000149011612,0.4000000059604645,0.699999988079071,0.800000011920929,0.6000000238418579,0.5,0.6000000238418579,0.0,-0.20000000298023224,-0.0,-0.10000000149011612,-0.10000000149011612,0.0,-0.10000000149011612,-1.0,-1.7999999523162842,-2.0,-1.2000000476837158,-0.4000000059604645,0.20000000298023224,0.5,0.699999988079071,0.6000000238418579,0.5,0.20000000298023224,-0.20000000298023224,-0.699999988079071,-1.2000000476837158,-1.899999976158142,-2.200000047683716
-1.0,-1.0,-1.100000023841858,-1.100000023841858,-1.100000023841858,-0.8999999761581421,-0.800000011920929,-0.800000011920929,-1.0,-0.699999988079071,-0.6000000238418579,-0.4000000059604645,0.0,0.0,-0.6000000238418579,-0.6000000238418579,0.20000000298023224,0.699999988079071,0.8999999761581421,0.800000011920929,0.800000011920929,1.7999999523162842,1.7000000476837158,0.8999999761581421,0.0,0.0,-0.20000000298023224,-0.20000000298023224,-0.10000000149011612,-0.20000000298023224,-1.0,-1.7999999523162842,-2.0,-1.7999999523162842,-1.2000000476837158,-0.4000000059604645,0.10000000149011612,0.4000000059604645,0.5,0.5,0.20000000298023224,-0.20000000298023224,-0.699999988079071,-1.2999999523162842,-1.899999976158142,-2.299999952316284
-0.6000000238418579,-0.5,-0.8999999761581421,-1.0,-1.100000023841858,-0.699999988079071,-0.6000000238418579,-0.699999988079071,-1.399999976158142,-0.699999988079071,-0.30000001192092896,0.20000000298023224,0.4000000059604645,-0.30000001192092896,-1.399999976158142,-1.399999976158142,-0.20000000298023224,0.699999988079071,0.8999999761581421,0.6000000238418579,1.100000023841858,1.7000000476837158,2.0,1.0,0.20000000298023224,0.20000000298023224,0.20000000298023224,0.30000001192092896,0.20000000298023224,-0.10000000149011612,-0.800000011920929,-1.600000023841858,-1.899999976158142,-2.0999999046325684,-1.7000000476837158,-1.100000023841858,-0.5,-0.10000000149011612,0.10000000149011612,0.30000001192092896,0.20000000298023224,-0.10000000149011612,-0.699999988079071,-1.2999999523162842,-1.899999976158142,-2.4000000953674316
-0.6000000238418579,-0.10000000149011612,-0.10000000149011612,-0.4000000059604645,-1.0,-0.8999999761581421,-0.800000011920929,-1.2000000476837158,-1.7999999523162842,-1.2000000476837158,0.10000000149011612,0.20000000298023224,-0.20000000298023224,-1.399999976158142,-2.0,-1.2999999523162842,-0.20000000298023224,0.5,0.699999988079071,0.30000001192092896,0.6000000238418579,1.0,1.2000000476837158,0.4000000059604645,0.10000000149011612,0.20000000298023224,0.30000001192092896,0.6000000238418579,0.6000000238418579,0.30000001192092896,-0.5,-1.2000000476837158,-1.7000000476837158,-2.0999999046325684,-1.899999976158142,-1.5,-1.100000023841858,-0.6000000238418579,-0.30000001192092896,-0.0,0.0,-0.20000000298023224,-0.699999988079071,-1.2999999523162842,-1.899999976158142,-2.4000000953674316
-0.800000011920929,-0.6000000238418579,-0.5,-1.0,-1.0,-0.8999999761581421,-0.6000000238418579,-0.699999988079071,-1.600000023841858,-1.2000000476837158,-0.30000001192092896,-0.20000000298023224,-0.6000000238418579,-1.2999999523162842,-1.899999976158142,-1.100000023841858,0.0,0.5,0.20000000298023224,0.10000000149011612,-0.8999999761581421,-0.8999999761581421,-1.0,-0.4000000059604645,-0.10000000149011612,0.30000001192092896,0.5,0.800000011920929,0.800000011920929,0.5,-0.30000001192092896,-0.8999999761581421,-1.5,-1.899999976158142,-1.899999976158142,-1.7000000476837158,-1.399999976158142,-1.0,-0.6000000238418579,-0.30000001192092896,-0.20000000298023224,-0.30000001192092896,-0.699999988079071,-1.2999999523162842,-1.899999976158142,-2.4000000953674316
-1.2999999523162842,-1.2999999523162842,-1.600000023841858,-1.2999999523162842,-0.8999999761581421,-0.10000000149011612,0.4000000059604645,0.4000000059604645,-0.30000001192092896,-0.8999999761581421,-1.399999976158142,-1.0,-1.2999999523162842,-1.100000023841858,-1.100000023841858,-0.6000000238418579,0.10000000149011612,0.20000000298023224,-0.5,-0.6000000238418579,-2.0,-2.4000000953674316,-1.7999999523162842,-1.399999976158142,-0.699999988079071,0.6000000238418579,0.699999988079071,0.800000011920929,0.800000011920929,0.4000000059604645,-0.10000000149011612,-0.699999988079071,-1.2000000476837158,-1.600000023841858,-1.7000000476837158,-1.600000023841858,-1.5,-1.2000000476837158,-0.8999999761581421,-0.6000000238418579,-0.4000000059604645,-0.4000000059604645,-0.699999988079071,-1.2000000476837158,-1.7999999523162842,-2.299999952316284
-1.100000023841858,-1.7000000476837158,-1.600000023841858,-1.399999976158142,-1.0,-0.4000000059604645,-0.0,0.20000000298023224,-0.20000000298023224,-1.100000023841858,-1.7000000476837158,-1.899999976158142,-1.600000023841858,-1.600000023841858,-1.100000023841858,-0.800000011920929,-0.10000000149011612,-0.10000000149011612,-0.5,-0.8999999761581421,-1.899999976158142,-3.0999999046325684,-2.200000047683716,-1.0,-0.6000000238418579,0.6000000238418579,0.699999988079071,0.800000011920929,0.6000000238418579,0.4000000059604645,0.10000000149011612,-0.5,-0.8999999761581421,-1.2000000476837158,-1.399999976158142,-1.5,-1.399999976158142,-1.2000000476837158,-1.0,-0.699999988079071,-0.5,-0.5,-0.699999988079071,-1.100000023841858,-1.7000000476837158,-2.0999999046325684
-0.699999988079071,-0.8999999761581421,-1.600000023841858,-1.600000023841858,-1.2999999523162842,-1.0,-0.4000000059604645,-0.10000000149011612,-0.30000001192092896,-1.2000000476837158,-1.7000000476837158,-2.0999999046325684,-2.0999999046325684,-2.200000047683716,-2.0,-1.100000023841858,-0.5,-0.4000000059604645,-0.30000001192092896,-0.4000000059604645,-1.2000000476837158,-2.799999952316284,-2.200000047683716,-1.100000023841858,-0.30000001192092896,0.4000000059604645,0.6000000238418579,0.5,0.4000000059604645,0.30000001192092896,0.10000000149011612,-0.5,-0.800000011920929,-1.0,-1.2000000476837158,-1.399999976158142,-1.2999999523162842,-1.2000000476837158,-1.0,-0.800000011920929,-0.6000000238418579,-0.5,-0.6000000238418579,-1.0,-1.5,-2.0
-0.20000000298023224,-0.4000000059604645,-0.800000011920929,-0.8999999761581421,-1.100000023841858,-1.0,-0.699999988079071,-0.10000000149011612,0.10000000149011612,-0.0,-0.30000001192092896,-0.8999999761581421,-1.399999976158142,-1.7000000476837158,-1.7999999523162842,-1.100000023841858,-0.699999988079071,-0.699999988079071,-0.6000000238418579,-0.30000001192092896,-0.4000000059604645,-0.8999999761581421,-1.100000023841858,-0.6000000238418579,0.0,0.30000001192092896,0.5,0.10000000149011612,0.20000000298023224,-0.0,-0.20000000298023224,-0.30000001192092896,-0.5,-0.800000011920929,-1.100000023841858,-1.2000000476837158,-1.2999999523162842,-1.2000000476837158,-1.0,-0.800000011920929,-0.5,-0.30000001192092896,-0.5,-0.8999999761581421,-1.2999999523162842,-1.7000000476837158
-0.5,-0.699999988079071,-0.8999999761581421,-0.8999999761581421,-1.2999999523162842,-1.100000023841858,-0.30000001192092896,-0.20000000298023224,0.10000000149011612,0.10000000149011612,0.30000001192092896,0.10000000149011612,-0.10000000149011612,-0.699999988079071,-1.100000023841858,-1.2000000476837158,-0.800000011920929,-0.800000011920929,-0.800000011920929,-0.5,-0.20000000298023224,-0.20000000298023224,-0.20000000298023224,-0.0,0.20000000298023224,0.30000001192092896,0.6000000238418579,0.30000001192092896,0.20000000298023224,-0.20000000298023224,-0.20000000298023224,-0.30000001192092896,-0.4000000059604645,-0.6000000238418579,-0.8999999761581421,-1.0,-1.100000023841858,-1.0,-0.8999999761581421,-0.6000000238418579,-0.20000000298023224,-0.20000000298023224,-0.30000001192092896,-0.699999988079071,-1.100000023841858,-1.5
-0.8999999761581421,-1.399999976158142,-1.899999976158142,-1.899999976158142,-1.7999999523162842,-1.5,-1.0,-0.8999999761581421,-0.6000000238418579,-0.30000001192092896,-0.0,0.20000000298023224,0.10000000149011612,-0.6000000238418579,-1.2999999523162842,-1.5,-0.800000011920929,-0.699999988079071,-0.8999999761581421,-0.699999988079071,-0.5,-0.30000001192092896,-0.30000001192092896,-0.20000000298023224,-0.0,0.10000000149011612,0.30000001192092896,0.30000001192092896,0.20000000298023224,-0.10000000149011612,-0.20000000298023224,-0.20000000298023224,-0.4000000059604645,-0.6000000238418579,-0.800000011920929,-0.8999999761581421,-1.0,-0.8999999761581421,-0.6000000238418579,-0.20000000298023224,0.10000000149011612,0.10000000149011612,-0.10000000149011612,-0.5,-0.8999999761581421,-1.2000000476837158
-0.5,-1.100000023841858,-1.5,-1.5,-1.2000000476837158,-1.100000023841858,-1.2000000476837158,-1.0,-0.5,-0.4000000059604645,-0.699999988079071,-0.8999999761581421,-0.8999999761581421,-1.100000023841858,-1.399999976158142,-1.100000023841858,-0.6000000238418579,-0.6000000238418579,-0.699999988079071,-0.800000011920929,-0.8999999761581421,-0.699999988079071,-0.699999988079071,-0.4000000059604645,-0.30000001192092896,-0.0,0.10000000149011612,0.10000000149011612,-0.0,0.0,0.10000000149011612,-0.0,-0.30000001192092896,-0.5,-0.800000011920929,-0.800000011920929,-0.800000011920929,-0.6000000238418579,-0.30000001192092896,0.10000000149011612,0.30000001192092896,0.30000001192092896,0.10000000149011612,-0.20000000298023224,-0.6000000238418579,-0.8999999761581421
0.0,-0.30000001192092896,-0.800000011920929,-1.100000023841858,-0.800000011920929,-0.800000011920929,-0.6000000238418579,-0.10000000149011612,0.10000000149011612,-0.10000000149011612,-0.6000000238418579,-0.8999999761581421,-0.8999999761581421,-1.0,-0.8999999761581421,-0.6000000238418579,-0.5,-0.6000000238418579,-0.6000000238418579,-0.699999988079071,-0.8999999761581421,-0.8999999761581421,-0.800000011920929,-0.699999988079071,-0.5,-0.4000000059604645,-0.20000000298023224,-0.10000000149011612,-0.30000001192092896,-0.10000000149011612,0.10000000149011612,0.0,-0.20000000298023224,-0.5,-0.6000000238418579,-0.699999988079071,-0.5,-0.10000000149011612,0.30000001192092896,0.6000000238418579,0.699999988079071,0.5,0.30000001192092896,0.10000000149011612,-0.20000000298023224,-0.5
0.20000000298023224,0.10000000149011612,-0.30000001192092896,-0.5,-0.800000011920929,-0.699999988079071,-0.20000000298023224,0.30000001192092896,-0.0,-0.6000000238418579,-1.100000023841858,-0.8999999761581421,-0.6000000238418579,-0.6000000238418579,-0.6000000238418579,-0.4000000059604645,-0.800000011920929,-1.0,-0.800000011920929,-0.800000011920929,-0.8999999761581421,-1.0,-1.0,-0.800000011920929,-0.800000011920929,-0.699999988079071,-0.6000000238418579,-0.5,-0.5,-0.20000000298023224,0.10000000149011612,0.0,-0.10000000149011612,-0.30000001192092896,-0.20000000298023224,-0.0,0.4000000059604645,0.699999988079071,1.0,1.100000023841858,1.0,0.800000011920929,0.5,0.30000001192092896,0.10000000149011612,-0.20000000298023224
0.10000000149011612,0.10000000149011612,-0.20000000298023224,-0.20000000298023224,-0.30000001192092896,0.20000000298023224,0.6000000238418579,0.8999999761581421,0.5,-1.100000023841858,-1.2999999523162842,-1.100000023841858,-0.800000011920929,-0.800000011920929,-1.0,-1.2999999523162842,-1.399999976158142,-1.2999999523162842,-1.100000023841858,-0.8999999761581421,-0.800000011920929,-0.8999999761581421,-1.0,-1.0,-1.0,-1.0,-1.0,-0.8999999761581421,-0.5,-0.10000000149011612,0.20000000298023224,0.20000000298023224,0.30000001192092896,0.30000001192092896,0.5,0.800000011920929,1.0,1.2000000476837158,1.2999999523162842,1.399999976158142,1.2999999523162842,1.0,0.800000011920929,0.6000000238418579,0.4000000059604645,0.10000000149011612
0.10000000149011612,0.0,-0.20000000298023224,-0.10000000149011612,0.30000001192092896,0.30000001192092896,1.0,0.699999988079071,0.20000000298023224,-0.800000011920929,-1.2999999523162842,-1.100000023841858,-0.8999999761581421,-0.699999988079071,-0.8999999761581421,-1.0,-1.2000000476837158,-1.5,-1.2000000476837158,-0.8999999761581421,-0.699999988079071,-0.699999988079071,-0.800000011920929,-1.0,-1.100000023841858,-1.100000023841858,-1.0,-0.5,-0.10000000149011612,0.30000001192092896,0.4000000059604645,0.4000000059604645,0.5,0.699999988079071,0.800000011920929,1.0,1.100000023841858,1.2000000476837158,1.2000000476837158,1.2999999523162842,1.2000000476837158,1.100000023841858,1.0,0.800000011920929,0.6000000238418579,0.4000000059604645
-0.30000001192092896,-0.30000001192092896,-0.20000000298023224,-0.10000000149011612,-0.0,-0.0,-0.0,0.0,-0.10000000149011612,-0.5,-1.0,-0.800000011920929,-1.100000023841858,-0.8999999761581421,-0.8999999761581421,-0.699999988079071,-0.8999999761581421,-1.399999976158142,-1.399999976158142,-1.100000023841858,-0.800000011920929,-1.0,-1.0,-0.8999999761581421,-0.8999999761581421,-0.800000011920929,-0.30000001192092896,0.30000001192092896,0.6000000238418579,0.699999988079071,0.5,0.4000000059604645,0.4000000059604645,0.5,0.699999988079071,0.800000011920929,0.8999999761581421,1.0,1.100000023841858,1.100000023841858,1.100000023841858,1.0,0.8999999761581421,0.800000011920929,0.6000000238418579,0.4000000059604645
-0.20000000298023224,-0.30000001192092896,-0.4000000059604645,-0.4000000059604645,-0.699999988079071,-1.2999999523162842,-1.5,-1.2000000476837158,-0.800000011920929,-0.6000000238418579,-0.800000011920929,-1.100000023841858,-1.2999999523162842,-1.2000000476837158,-1.2999999523162842,-0.8999999761581421,-0.8999999761581421,-1.2999999523162842,-1.399999976158142,-1.100000023841858,-1.2000000476837158,-1.100000023841858,-1.0,-0.800000011920929,-0.5,-0.10000000149011612,0.5,0.8999999761581421,1.0,0.8999999761581421,0.699999988079071,0.5,0.30000001192092896,0.4000000059604645,0.5,0.6000000238418579,0.699999988079071,0.800000011920929,0.8999999761581421,1.0,0.8999999761581421,0.800000011920929,0.699999988079071,0.6000000238418579,0.5,0.30000001192092896
