data_weather/step_8.json
{"header": {"nx": 220, "ny": 225, "lo1": 11.000000000000096, "la1": 39.480000000000906, "lo2": 16.475000000000172, "la2": 35.000000000000206, "dx": 0.025000000000000355, "dy": 0.020000000000003126, "scanMode": 0, "refTime": "2026-02-13T08:00:00.000Z", "parameterCategory": 2, "parameterNumber": 3}, "data":
[rows 0 to 19 of 225, columns 94 to 140 of 220]
-7.599999904632568,-7.699999809265137,-7.699999809265137,-7.699999809265137,-7.699999809265137,-7.599999904632568,-7.400000095367432,-7.300000190734863,-7.300000190734863,-7.199999809265137,-7.199999809265137,-7.099999904632568,-7.099999904632568,-7.0,-6.900000095367432,-6.900000095367432,-6.800000190734863,-6.800000190734863,-6.699999809265137,-6.599999904632568,-6.400000095367432,-6.300000190734863,-6.199999809265137,-6.099999904632568,-6.099999904632568,-6.199999809265137,-6.199999809265137,-6.199999809265137,-6.199999809265137,-6.199999809265137,-6.199999809265137,-6.199999809265137,-6.199999809265137,-6.099999904632568,-6.099999904632568,-6.0,-6.0,-6.0,-5.800000190734863,-5.699999809265137,-5.599999904632568,-5.599999904632568,-5.599999904632568,-5.599999904632568,-5.599999904632568,-5.599999904632568,-5.599999904632568
-7.800000190734863,-7.800000190734863,-7.900000095367432,-7.900000095367432,-7.800000190734863,-7.599999904632568,-7.5,-7.400000095367432,-7.300000190734863,-7.300000190734863,-7.300000190734863,-7.199999809265137,-7.099999904632568,-7.0,-7.0,-7.0,-6.900000095367432,-6.900000095367432,-6.800000190734863,-6.599999904632568,-6.400000095367432,-6.300000190734863,-6.199999809265137,-6.099999904632568,-6.099999904632568,-6.199999809265137,-6.199999809265137,-6.300000190734863,-6.300000190734863,-6.300000190734863,-6.199999809265137,-6.199999809265137,-6.199999809265137,-6.099999904632568,-6.099999904632568,-6.099999904632568,-6.099999904632568,-6.099999904632568,-6.0,-5.900000095367432,-5.800000190734863,-5.699999809265137,-5.699999809265137,-5.699999809265137,-5.699999809265137,-5.699999809265137,-5.599999904632568
-8.0,-8.0,-8.0,-8.0,-7.900000095367432,-7.800000190734863,-7.599999904632568,-7.400000095367432,-7.400000095367432,-7.400000095367432,-7.400000095367432,-7.400000095367432,-7.199999809265137,-7.099999904632568,-7.0,-7.0,-6.900000095367432,-6.900000095367432,-6.699999809265137,-6.599999904632568,-6.400000095367432,-6.199999809265137,-6.099999904632568,-6.099999904632568,-6.099999904632568,-6.099999904632568,-6.199999809265137,-6.300000190734863,-6.300000190734863,-6.300000190734863,-6.199999809265137,-6.199999809265137,-6.099999904632568,-6.099999904632568,-6.099999904632568,-6.099999904632568,-6.099999904632568,-6.099999904632568,-6.099999904632568,-6.0,-5.900000095367432,-5.900000095367432,-5.900000095367432,-5.900000095367432,-5.800000190734863,-5.699999809265137,-5.599999904632568
-8.199999809265137,-8.199999809265137,-8.199999809265137,-8.100000381469727,-7.900000095367432,-7.800000190734863,-7.599999904632568,-7.5,-7.5,-7.5,-7.5,-7.5,-7.300000190734863,-7.099999904632568,-7.0,-6.900000095367432,-6.800000190734863,-6.800000190734863,-6.599999904632568,-6.5,-6.300000190734863,-6.199999809265137,-6.099999904632568,-6.0,-6.0,-6.099999904632568,-6.099999904632568,-6.199999809265137,-6.199999809265137,-6.199999809265137,-6.199999809265137,-6.099999904632568,-6.099999904632568,-6.099999904632568,-6.099999904632568,-6.099999904632568,-6.099999904632568,-6.099999904632568,-6.099999904632568,-6.0,-6.0,-6.0,-5.900000095367432,-5.900000095367432,-5.800000190734863,-5.699999809265137,-5.599999904632568
-8.199999809265137,-8.199999809265137,-8.100000381469727,-8.0,-7.800000190734863,-7.699999809265137,-7.5,-7.5,-7.5,-7.599999904632568,-7.599999904632568,-7.5,-7.300000190734863,-7.099999904632568,-7.0,-6.900000095367432,-6.800000190734863,-6.699999809265137,-6.5,-6.400000095367432,-6.300000190734863,-6.199999809265137,-6.099999904632568,-6.099999904632568,-6.099999904632568,-6.099999904632568,-6.099999904632568,-6.099999904632568,-6.199999809265137,-6.199999809265137,-6.199999809265137,-6.199999809265137,-6.199999809265137,-6.099999904632568,-6.099999904632568,-6.099999904632568,-6.099999904632568,-6.099999904632568,-6.0,-6.0,-6.0,-5.900000095367432,-5.900000095367432,-5.800000190734863,-5.699999809265137,-5.699999809265137,-5.599999904632568
-8.199999809265137,-8.199999809265137,-8.100000381469727,-7.900000095367432,-7.699999809265137,-7.599999904632568,-7.5,-7.599999904632568,-7.699999809265137,-7.699999809265137,-7.699999809265137,-7.5,-7.300000190734863,-7.099999904632568,-7.0,-6.900000095367432,-6.800000190734863,-6.699999809265137,-6.5,-6.400000095367432,-6.300000190734863,-6.300000190734863,-6.300000190734863,-6.300000190734863,-6.300000190734863,-6.199999809265137,-6.199999809265137,-6.199999809265137,-6.199999809265137,-6.199999809265137,-6.300000190734863,-6.300000190734863,-6.300000190734863,-6.300000190734863,-6.199999809265137,-6.199999809265137,-6.099999904632568,-6.099999904632568,-6.099999904632568,-6.099999904632568,-6.0,-6.0,-5.900000095367432,-5.800000190734863,-5.800000190734863,-5.699999809265137,-5.699999809265137
-8.300000190734863,-8.300000190734863,-8.199999809265137,-7.900000095367432,-7.800000190734863,-7.699999809265137,-7.699999809265137,-7.699999809265137,-7.699999809265137,-7.599999904632568,-7.599999904632568,-7.5,-7.400000095367432,-7.199999809265137,-7.099999904632568,-7.0,-6.900000095367432,-6.699999809265137,-6.5,-6.400000095367432,-6.400000095367432,-6.400000095367432,-6.5,-6.5,-6.5,-6.400000095367432,-6.300000190734863,-6.199999809265137,-6.199999809265137,-6.300000190734863,-6.400000095367432,-6.5,-6.5,-6.5,-6.5,-6.400000095367432,-6.300000190734863,-6.300000190734863,-6.199999809265137,-6.199999809265137,-6.099999904632568,-6.099999904632568,-6.0,-6.0,-5.900000095367432,-5.900000095367432,-5.800000190734863
-8.300000190734863,-8.199999809265137,-8.100000381469727,-7.900000095367432,-7.800000190734863,-7.699999809265137,-7.699999809265137,-7.5,-7.5,-7.400000095367432,-7.300000190734863,-7.300000190734863,-7.300000190734863,-7.400000095367432,-7.300000190734863,-7.199999809265137,-6.900000095367432,-6.699999809265137,-6.5,-6.400000095367432,-6.400000095367432,-6.5,-6.599999904632568,-6.599999904632568,-6.599999904632568,-6.5,-6.400000095367432,-6.400000095367432,-6.400000095367432,-6.400000095367432,-6.599999904632568,-6.699999809265137,-6.800000190734863,-6.800000190734863,-6.699999809265137,-6.599999904632568,-6.5,-6.400000095367432,-6.400000095367432,-6.300000190734863,-6.300000190734863,-6.300000190734863,-6.199999809265137,-6.099999904632568,-6.099999904632568,-6.0,-5.900000095367432
-8.199999809265137,-8.100000381469727,-8.0,-7.800000190734863,-7.699999809265137,-7.699999809265137,-7.5,-7.300000190734863,-7.300000190734863,-7.199999809265137,-7.199999809265137,-7.199999809265137,-7.400000095367432,-7.400000095367432,-7.400000095367432,-7.199999809265137,-7.0,-6.699999809265137,-6.5,-6.400000095367432,-6.400000095367432,-6.5,-6.599999904632568,-6.599999904632568,-6.599999904632568,-6.599999904632568,-6.5,-6.5,-6.5,-6.5,-6.599999904632568,-6.699999809265137,-6.800000190734863,-6.900000095367432,-6.900000095367432,-6.699999809265137,-6.599999904632568,-6.599999904632568,-6.5,-6.400000095367432,-6.400000095367432,-6.400000095367432,-6.400000095367432,-6.300000190734863,-6.199999809265137,-6.099999904632568,-6.0
-8.199999809265137,-8.0,-7.800000190734863,-7.699999809265137,-7.699999809265137,-7.599999904632568,-7.5,-7.199999809265137,-7.199999809265137,-7.199999809265137,-7.199999809265137,-7.199999809265137,-7.400000095367432,-7.400000095367432,-7.400000095367432,-7.199999809265137,-6.900000095367432,-6.599999904632568,-6.5,-6.400000095367432,-6.400000095367432,-6.5,-6.599999904632568,-6.5,-6.5,-6.5,-6.5,-6.5,-6.599999904632568,-6.599999904632568,-6.599999904632568,-6.699999809265137,-6.800000190734863,-6.900000095367432,-6.900000095367432,-6.699999809265137,-6.599999904632568,-6.5,-6.5,-6.400000095367432,-6.400000095367432,-6.400000095367432,-6.400000095367432,-6.300000190734863,-6.300000190734863,-6.199999809265137,-6.099999904632568
-8.100000381469727,-7.900000095367432,-7.800000190734863,-7.699999809265137,-7.699999809265137,-7.599999904632568,-7.400000095367432,-7.300000190734863,-7.300000190734863,-7.199999809265137,-7.199999809265137,-7.199999809265137,-7.300000190734863,-7.400000095367432,-7.300000190734863,-7.099999904632568,-6.900000095367432,-6.699999809265137,-6.5,-6.5,-6.5,-6.599999904632568,-6.599999904632568,-6.5,-6.5,-6.5,-6.599999904632568,-6.699999809265137,-6.699999809265137,-6.599999904632568,-6.599999904632568,-6.599999904632568,-6.599999904632568,-6.699999809265137,-6.699999809265137,-6.699999809265137,-6.599999904632568,-6.5,-6.400000095367432,-6.400000095367432,-6.300000190734863,-6.300000190734863,-6.300000190734863,-6.300000190734863,-6.300000190734863,-6.199999809265137,-6.099999904632568
-8.100000381469727,-8.0,-7.800000190734863,-7.699999809265137,-7.599999904632568,-7.599999904632568,-7.5,-7.5,-7.5,-7.300000190734863,-7.300000190734863,-7.199999809265137,-7.300000190734863,-7.300000190734863,-7.300000190734863,-7.199999809265137,-7.0,-6.800000190734863,-6.699999809265137,-6.699999809265137,-6.800000190734863,-6.800000190734863,-6.800000190734863,-6.699999809265137,-6.599999904632568,-6.599999904632568,-6.699999809265137,-6.699999809265137,-6.699999809265137,-6.599999904632568,-6.5,-6.5,-6.5,-6.5,-6.5,-6.5,-6.5,-6.5,-6.400000095367432,-6.400000095367432,-6.300000190734863,-6.199999809265137,-6.199999809265137,-6.199999809265137,-6.199999809265137,-6.099999904632568,-6.0
-8.0,-8.0,-7.900000095367432,-7.800000190734863,-7.699999809265137,-7.599999904632568,-7.599999904632568,-7.599999904632568,-7.599999904632568,-7.400000095367432,-7.199999809265137,-7.099999904632568,-7.199999809265137,-7.199999809265137,-7.300000190734863,-7.300000190734863,-7.199999809265137,-7.0,-6.699999809265137,-6.599999904632568,-6.800000190734863,-6.900000095367432,-6.900000095367432,-6.900000095367432,-6.900000095367432,-6.900000095367432,-6.800000190734863,-6.800000190734863,-6.800000190734863,-6.699999809265137,-6.5,-6.400000095367432,-6.300000190734863,-6.300000190734863,-6.300000190734863,-6.400000095367432,-6.400000095367432,-6.5,-6.400000095367432,-6.400000095367432,-6.300000190734863,-6.199999809265137,-6.199999809265137,-6.099999904632568,-6.099999904632568,-6.0,-6.0
-7.800000190734863,-7.900000095367432,-7.800000190734863,-7.699999809265137,-7.699999809265137,-7.599999904632568,-7.599999904632568,-7.5,-7.400000095367432,-7.199999809265137,-7.099999904632568,-7.0,-6.900000095367432,-7.099999904632568,-7.199999809265137,-7.300000190734863,-7.199999809265137,-6.900000095367432,-6.599999904632568,-6.400000095367432,-6.5,-6.800000190734863,-7.099999904632568,-7.199999809265137,-7.099999904632568,-7.099999904632568,-7.0,-6.900000095367432,-6.800000190734863,-6.699999809265137,-6.5,-6.300000190734863,-6.300000190734863,-6.300000190734863,-6.300000190734863,-6.400000095367432,-6.400000095367432,-6.400000095367432,-6.400000095367432,-6.400000095367432,-6.400000095367432,-6.300000190734863,-6.300000190734863,-6.199999809265137,-6.099999904632568,-6.0,-6.0
-7.5,-7.699999809265137,-7.699999809265137,-7.699999809265137,-7.599999904632568,-7.599999904632568,-7.5,-7.400000095367432,-7.099999904632568,-6.900000095367432,-6.900000095367432,-6.800000190734863,-6.900000095367432,-7.099999904632568,-7.199999809265137,-7.199999809265137,-7.0,-6.800000190734863,-6.400000095367432,-6.099999904632568,-6.099999904632568,-6.400000095367432,-6.900000095367432,-7.199999809265137,-7.099999904632568,-7.0,-6.900000095367432,-6.900000095367432,-6.800000190734863,-6.5,-6.199999809265137,-6.199999809265137,-6.199999809265137,-6.300000190734863,-6.400000095367432,-6.5,-6.5,-6.400000095367432,-6.300000190734863,-6.400000095367432,-6.400000095367432,-6.400000095367432,-6.400000095367432,-6.300000190734863,-6.099999904632568,-6.099999904632568,-6.0
-7.099999904632568,-7.300000190734863,-7.599999904632568,-7.599999904632568,-7.5,-7.400000095367432,-7.400000095367432,-7.199999809265137,-7.099999904632568,-6.699999809265137,-6.699999809265137,-6.699999809265137,-6.800000190734863,-7.0,-7.0,-6.900000095367432,-6.800000190734863,-6.5,-6.199999809265137,-5.900000095367432,-5.900000095367432,-6.0,-6.400000095367432,-6.699999809265137,-6.699999809265137,-6.699999809265137,-6.699999809265137,-6.599999904632568,-6.5,-6.300000190734863,-6.0,-5.900000095367432,-6.0,-6.199999809265137,-6.400000095367432,-6.5,-6.5,-6.400000095367432,-6.300000190734863,-6.300000190734863,-6.400000095367432,-6.400000095367432,-6.400000095367432,-6.300000190734863,-6.199999809265137,-6.099999904632568,-6.0
-6.900000095367432,-7.099999904632568,-7.400000095367432,-7.400000095367432,-7.300000190734863,-7.300000190734863,-7.099999904632568,-7.099999904632568,-7.0,-6.699999809265137,-6.599999904632568,-6.599999904632568,-6.800000190734863,-6.800000190734863,-6.699999809265137,-6.599999904632568,-6.5,-6.300000190734863,-6.0,-5.800000190734863,-5.699999809265137,-5.800000190734863,-6.0,-6.300000190734863,-6.300000190734863,-6.300000190734863,-6.300000190734863,-6.199999809265137,-6.099999904632568,-6.0,-5.800000190734863,-5.699999809265137,-5.699999809265137,-5.900000095367432,-6.199999809265137,-6.400000095367432,-6.5,-6.400000095367432,-6.300000190734863,-6.300000190734863,-6.300000190734863,-6.400000095367432,-6.5,-6.400000095367432,-6.300000190734863,-6.199999809265137,-6.099999904632568
-6.800000190734863,-7.0,-7.199999809265137,-7.199999809265137,-7.099999904632568,-7.099999904632568,-6.900000095367432,-6.900000095367432,-6.800000190734863,-6.699999809265137,-6.5,-6.400000095367432,-6.699999809265137,-6.800000190734863,-6.699999809265137,-6.5,-6.300000190734863,-6.0,-5.900000095367432,-5.699999809265137,-5.699999809265137,-5.699999809265137,-5.900000095367432,-5.900000095367432,-5.900000095367432,-6.0,-6.0,-5.800000190734863,-5.699999809265137,-5.699999809265137,-5.599999904632568,-5.5,-5.400000095367432,-5.599999904632568,-5.900000095367432,-6.300000190734863,-6.400000095367432,-6.400000095367432,-6.400000095367432,-6.300000190734863,-6.300000190734863,-6.400000095367432,-6.5,-6.5,-6.400000095367432,-6.300000190734863,-6.199999809265137
-6.800000190734863,-6.900000095367432,-7.0,-7.0,-6.900000095367432,-6.900000095367432,-6.800000190734863,-6.699999809265137,-6.599999904632568,-6.5,-6.300000190734863,-6.199999809265137,-6.400000095367432,-6.400000095367432,-6.400000095367432,-6.300000190734863,-6.099999904632568,-5.900000095367432,-5.699999809265137,-5.699999809265137,-5.699999809265137,-5.800000190734863,-5.800000190734863,-5.800000190734863,-5.699999809265137,-5.800000190734863,-5.699999809265137,-5.5,-5.400000095367432,-5.400000095367432,-5.5,-5.400000095367432,-5.199999809265137,-5.300000190734863,-5.599999904632568,-6.099999904632568,-6.400000095367432,-6.400000095367432,-6.300000190734863,-6.300000190734863,-6.400000095367432,-6.300000190734863,-6.5,-6.5,-6.5,-6.400000095367432,-6.300000190734863
-6.800000190734863,-6.800000190734863,-6.800000190734863,-6.800000190734863,-6.699999809265137,-6.699999809265137,-6.599999904632568,-6.599999904632568,-6.5,-6.400000095367432,-6.199999809265137,-6.0,-6.0,-6.099999904632568,-6.199999809265137,-6.099999904632568,-6.0,-5.800000190734863,-5.800000190734863,-5.699999809265137,-5.800000190734863,-6.0,-6.0,-5.900000095367432,-5.699999809265137,-5.599999904632568,-5.400000095367432,-5.199999809265137,-5.0,-5.099999904632568,-5.300000190734863,-5.199999809265137,-5.099999904632568,-5.099999904632568,-5.300000190734863,-5.800000190734863,-6.199999809265137,-6.199999809265137,-6.199999809265137,-6.199999809265137,-6.199999809265137,-6.199999809265137,-6.300000190734863,-6.5,-6.5,-6.5,-6.400000095367432
