data_weather/step_68.json
{"header": {"nx": 220, "ny": 225, "lo1": 11.000000000000096, "la1": 39.480000000000906, "lo2": 16.475000000000172, "la2": 35.000000000000206, "dx": 0.025000000000000355, "dy": 0.020000000000003126, "scanMode": 0, "refTime": "2026-03-17T08:00:00.000Z", "parameterCategory": 2, "parameterNumber": 3}, "data":
[rows 42 to 62 of 225, columns 92 to 137 of 220]
-7.300000190734863,-7.199999809265137,-7.199999809265137,-7.300000190734863,-7.5,-7.599999904632568,-7.5,-7.300000190734863,-7.099999904632568,-7.199999809265137,-7.199999809265137,-7.099999904632568,-6.699999809265137,-6.5,-6.400000095367432,-6.599999904632568,-6.800000190734863,-6.800000190734863,-6.800000190734863,-6.699999809265137,-6.599999904632568,-6.599999904632568,-6.400000095367432,-6.300000190734863,-5.800000190734863,-5.599999904632568,-5.599999904632568,-5.5,-5.599999904632568,-5.699999809265137,-5.800000190734863,-5.800000190734863,-5.800000190734863,-5.699999809265137,-5.5,-5.400000095367432,-5.300000190734863,-5.199999809265137,-5.199999809265137,-5.300000190734863,-5.400000095367432,-5.699999809265137,-5.900000095367432,-6.199999809265137,-6.599999904632568,-6.900000095367432
-7.199999809265137,-7.099999904632568,-7.099999904632568,-7.300000190734863,-7.5,-7.5,-7.400000095367432,-7.199999809265137,-7.099999904632568,-7.099999904632568,-7.099999904632568,-6.800000190734863,-6.599999904632568,-6.5,-6.699999809265137,-6.800000190734863,-6.900000095367432,-6.900000095367432,-6.699999809265137,-6.699999809265137,-6.599999904632568,-6.599999904632568,-6.400000095367432,-6.099999904632568,-5.800000190734863,-5.5,-5.400000095367432,-5.5,-5.599999904632568,-5.699999809265137,-5.800000190734863,-5.800000190734863,-5.699999809265137,-5.5,-5.400000095367432,-5.199999809265137,-5.199999809265137,-5.099999904632568,-5.199999809265137,-5.199999809265137,-5.400000095367432,-5.5,-5.699999809265137,-6.0,-6.400000095367432,-6.699999809265137
-7.099999904632568,-7.0,-7.0,-7.199999809265137,-7.300000190734863,-7.400000095367432,-7.300000190734863,-7.199999809265137,-7.099999904632568,-7.199999809265137,-7.099999904632568,-6.900000095367432,-6.800000190734863,-6.699999809265137,-6.800000190734863,-6.900000095367432,-7.0,-6.900000095367432,-6.800000190734863,-6.599999904632568,-6.599999904632568,-6.5,-6.400000095367432,-6.099999904632568,-5.900000095367432,-5.599999904632568,-5.400000095367432,-5.5,-5.699999809265137,-5.800000190734863,-5.900000095367432,-5.800000190734863,-5.699999809265137,-5.5,-5.300000190734863,-5.099999904632568,-5.099999904632568,-5.099999904632568,-5.099999904632568,-5.199999809265137,-5.199999809265137,-5.300000190734863,-5.5,-5.699999809265137,-6.099999904632568,-6.400000095367432
-7.0,-6.900000095367432,-7.0,-7.099999904632568,-7.300000190734863,-7.300000190734863,-7.300000190734863,-7.300000190734863,-7.300000190734863,-7.300000190734863,-7.199999809265137,-7.099999904632568,-6.900000095367432,-7.0,-7.0,-7.0,-7.0,-6.900000095367432,-6.699999809265137,-6.599999904632568,-6.699999809265137,-6.5,-6.400000095367432,-6.099999904632568,-5.900000095367432,-5.699999809265137,-5.599999904632568,-5.699999809265137,-5.800000190734863,-5.900000095367432,-6.0,-5.900000095367432,-5.699999809265137,-5.400000095367432,-5.199999809265137,-5.099999904632568,-5.099999904632568,-5.099999904632568,-5.099999904632568,-5.199999809265137,-5.300000190734863,-5.300000190734863,-5.400000095367432,-5.300000190734863,-5.699999809265137,-6.099999904632568
-7.0,-6.900000095367432,-6.900000095367432,-7.199999809265137,-7.199999809265137,-7.400000095367432,-7.5,-7.5,-7.599999904632568,-7.5,-7.400000095367432,-7.199999809265137,-7.099999904632568,-7.099999904632568,-7.099999904632568,-7.099999904632568,-7.0,-6.900000095367432,-6.800000190734863,-6.699999809265137,-6.599999904632568,-6.599999904632568,-6.300000190734863,-6.199999809265137,-5.900000095367432,-5.800000190734863,-5.699999809265137,-5.800000190734863,-5.900000095367432,-6.0,-6.0,-5.900000095367432,-5.599999904632568,-5.400000095367432,-5.199999809265137,-5.099999904632568,-5.099999904632568,-5.099999904632568,-5.099999904632568,-5.099999904632568,-5.199999809265137,-5.099999904632568,-4.900000095367432,-5.199999809265137,-5.599999904632568,-5.400000095367432
-7.0,-6.900000095367432,-7.0,-7.199999809265137,-7.300000190734863,-7.5,-7.599999904632568,-7.699999809265137,-7.699999809265137,-7.699999809265137,-7.5,-7.300000190734863,-7.199999809265137,-7.300000190734863,-7.199999809265137,-7.099999904632568,-7.0,-6.900000095367432,-6.800000190734863,-6.699999809265137,-6.699999809265137,-6.599999904632568,-6.300000190734863,-6.199999809265137,-6.099999904632568,-6.0,-5.900000095367432,-5.900000095367432,-6.0,-6.0,-6.0,-5.800000190734863,-5.599999904632568,-5.400000095367432,-5.300000190734863,-5.199999809265137,-5.199999809265137,-5.099999904632568,-5.0,-5.0,-5.099999904632568,-5.099999904632568,-4.400000095367432,-5.699999809265137,-5.800000190734863,-5.300000190734863
-7.099999904632568,-7.0,-7.099999904632568,-7.300000190734863,-7.5,-7.599999904632568,-7.699999809265137,-7.800000190734863,-7.800000190734863,-7.699999809265137,-7.400000095367432,-7.300000190734863,-7.300000190734863,-7.300000190734863,-7.300000190734863,-7.199999809265137,-7.099999904632568,-6.900000095367432,-6.800000190734863,-6.800000190734863,-6.699999809265137,-6.599999904632568,-6.400000095367432,-6.300000190734863,-6.199999809265137,-6.0,-5.900000095367432,-5.900000095367432,-6.0,-6.0,-5.900000095367432,-5.800000190734863,-5.699999809265137,-5.5,-5.400000095367432,-5.300000190734863,-5.199999809265137,-5.099999904632568,-4.900000095367432,-4.699999809265137,-4.599999904632568,-4.5,-4.699999809265137,-5.400000095367432,-5.199999809265137,-5.199999809265137
-7.199999809265137,-7.199999809265137,-7.300000190734863,-7.5,-7.599999904632568,-7.699999809265137,-7.800000190734863,-7.800000190734863,-7.800000190734863,-7.599999904632568,-7.400000095367432,-7.300000190734863,-7.300000190734863,-7.300000190734863,-7.300000190734863,-7.199999809265137,-7.099999904632568,-7.0,-6.900000095367432,-6.800000190734863,-6.800000190734863,-6.699999809265137,-6.599999904632568,-6.400000095367432,-6.300000190734863,-6.0,-5.900000095367432,-5.900000095367432,-5.900000095367432,-6.0,-5.900000095367432,-5.800000190734863,-5.699999809265137,-5.599999904632568,-5.5,-5.400000095367432,-5.199999809265137,-5.0,-4.800000190734863,-4.5,-4.400000095367432,-4.300000190734863,-4.800000190734863,-5.099999904632568,-5.0,-5.199999809265137
-7.300000190734863,-7.300000190734863,-7.400000095367432,-7.699999809265137,-7.800000190734863,-7.900000095367432,-7.900000095367432,-7.900000095367432,-7.800000190734863,-7.599999904632568,-7.300000190734863,-7.300000190734863,-7.300000190734863,-7.400000095367432,-7.300000190734863,-7.199999809265137,-7.099999904632568,-7.0,-6.900000095367432,-6.900000095367432,-6.800000190734863,-6.800000190734863,-6.699999809265137,-6.5,-6.300000190734863,-6.099999904632568,-5.800000190734863,-5.800000190734863,-5.800000190734863,-5.900000095367432,-5.900000095367432,-5.800000190734863,-5.699999809265137,-5.599999904632568,-5.5,-5.400000095367432,-5.199999809265137,-4.900000095367432,-4.599999904632568,-4.400000095367432,-4.400000095367432,-4.5,-4.800000190734863,-4.900000095367432,-5.099999904632568,-5.5
-7.400000095367432,-7.5,-7.599999904632568,-7.800000190734863,-8.0,-8.100000381469727,-8.100000381469727,-8.0,-7.699999809265137,-7.5,-7.400000095367432,-7.300000190734863,-7.400000095367432,-7.300000190734863,-7.300000190734863,-7.199999809265137,-7.099999904632568,-7.0,-7.0,-7.0,-7.0,-6.900000095367432,-6.800000190734863,-6.699999809265137,-6.400000095367432,-6.099999904632568,-5.800000190734863,-5.800000190734863,-5.800000190734863,-5.800000190734863,-5.900000095367432,-5.800000190734863,-5.699999809265137,-5.599999904632568,-5.5,-5.300000190734863,-5.099999904632568,-4.800000190734863,-4.599999904632568,-4.5,-4.5,-4.699999809265137,-4.800000190734863,-4.900000095367432,-5.199999809265137,-5.5
-7.599999904632568,-7.599999904632568,-7.800000190734863,-8.0,-8.199999809265137,-8.199999809265137,-8.100000381469727,-7.800000190734863,-7.599999904632568,-7.400000095367432,-7.300000190734863,-7.300000190734863,-7.400000095367432,-7.300000190734863,-7.199999809265137,-7.099999904632568,-7.0,-7.0,-7.0,-7.099999904632568,-7.099999904632568,-7.099999904632568,-7.0,-6.800000190734863,-6.400000095367432,-6.199999809265137,-5.900000095367432,-5.800000190734863,-5.900000095367432,-5.800000190734863,-5.800000190734863,-5.800000190734863,-5.699999809265137,-5.599999904632568,-5.5,-5.300000190734863,-5.0,-4.699999809265137,-4.599999904632568,-4.5,-4.599999904632568,-4.699999809265137,-4.800000190734863,-5.0,-5.099999904632568,-5.300000190734863
-7.900000095367432,-7.800000190734863,-8.0,-8.100000381469727,-8.199999809265137,-8.100000381469727,-7.900000095367432,-7.5,-7.300000190734863,-7.199999809265137,-7.199999809265137,-7.300000190734863,-7.300000190734863,-7.300000190734863,-7.099999904632568,-7.0,-7.0,-7.0,-7.0,-7.099999904632568,-7.199999809265137,-7.199999809265137,-7.099999904632568,-6.900000095367432,-6.599999904632568,-6.099999904632568,-6.0,-5.900000095367432,-5.900000095367432,-5.800000190734863,-5.800000190734863,-5.800000190734863,-5.699999809265137,-5.699999809265137,-5.5,-5.300000190734863,-5.0,-4.800000190734863,-4.599999904632568,-4.599999904632568,-4.699999809265137,-4.800000190734863,-4.900000095367432,-4.900000095367432,-5.0,-5.0
-8.0,-8.100000381469727,-8.100000381469727,-8.199999809265137,-8.100000381469727,-7.800000190734863,-7.599999904632568,-7.199999809265137,-7.0,-7.099999904632568,-7.199999809265137,-7.300000190734863,-7.300000190734863,-7.199999809265137,-7.099999904632568,-7.0,-7.0,-7.0,-7.099999904632568,-7.199999809265137,-7.300000190734863,-7.300000190734863,-7.300000190734863,-6.900000095367432,-6.5,-6.099999904632568,-6.0,-5.900000095367432,-5.900000095367432,-5.900000095367432,-5.800000190734863,-5.800000190734863,-5.800000190734863,-5.699999809265137,-5.5,-5.300000190734863,-5.099999904632568,-4.800000190734863,-4.699999809265137,-4.699999809265137,-4.699999809265137,-4.800000190734863,-4.800000190734863,-4.900000095367432,-4.800000190734863,-4.699999809265137
-8.100000381469727,-8.199999809265137,-8.100000381469727,-8.0,-7.800000190734863,-7.599999904632568,-7.199999809265137,-7.0,-6.900000095367432,-7.0,-7.199999809265137,-7.300000190734863,-7.300000190734863,-7.199999809265137,-7.099999904632568,-7.0,-7.0,-7.099999904632568,-7.199999809265137,-7.300000190734863,-7.300000190734863,-7.400000095367432,-7.400000095367432,-7.0,-6.599999904632568,-6.199999809265137,-6.0,-6.0,-5.900000095367432,-5.900000095367432,-5.800000190734863,-5.800000190734863,-5.699999809265137,-5.599999904632568,-5.5,-5.300000190734863,-5.099999904632568,-4.900000095367432,-4.800000190734863,-4.699999809265137,-4.699999809265137,-4.800000190734863,-4.800000190734863,-4.800000190734863,-4.699999809265137,-4.599999904632568
-8.100000381469727,-8.199999809265137,-8.100000381469727,-7.900000095367432,-7.599999904632568,-7.300000190734863,-7.099999904632568,-6.900000095367432,-6.900000095367432,-7.0,-7.099999904632568,-7.199999809265137,-7.300000190734863,-7.300000190734863,-7.099999904632568,-7.099999904632568,-7.099999904632568,-7.099999904632568,-7.199999809265137,-7.300000190734863,-7.400000095367432,-7.5,-7.300000190734863,-7.199999809265137,-6.5,-6.199999809265137,-5.900000095367432,-5.900000095367432,-5.900000095367432,-5.699999809265137,-5.699999809265137,-5.699999809265137,-5.699999809265137,-5.5,-5.400000095367432,-5.199999809265137,-5.0,-4.800000190734863,-4.800000190734863,-4.699999809265137,-4.699999809265137,-4.699999809265137,-4.699999809265137,-4.699999809265137,-4.599999904632568,-4.400000095367432
-8.300000190734863,-8.100000381469727,-8.0,-7.800000190734863,-7.5,-7.300000190734863,-7.099999904632568,-7.0,-7.0,-7.0,-7.099999904632568,-7.199999809265137,-7.300000190734863,-7.300000190734863,-7.300000190734863,-7.199999809265137,-7.199999809265137,-7.199999809265137,-7.199999809265137,-7.300000190734863,-7.400000095367432,-7.5,-7.400000095367432,-7.099999904632568,-6.699999809265137,-6.0,-5.900000095367432,-5.800000190734863,-5.699999809265137,-5.599999904632568,-5.599999904632568,-5.599999904632568,-5.5,-5.400000095367432,-5.199999809265137,-5.0,-4.800000190734863,-4.699999809265137,-4.599999904632568,-4.599999904632568,-4.599999904632568,-4.599999904632568,-4.5,-4.5,-4.400000095367432,-4.300000190734863
-8.399999618530273,-8.100000381469727,-7.900000095367432,-7.699999809265137,-7.599999904632568,-7.400000095367432,-7.300000190734863,-7.199999809265137,-7.099999904632568,-7.0,-7.099999904632568,-7.300000190734863,-7.300000190734863,-7.400000095367432,-7.400000095367432,-7.300000190734863,-7.300000190734863,-7.199999809265137,-7.300000190734863,-7.300000190734863,-7.5,-7.5,-7.5,-7.0,-6.900000095367432,-6.099999904632568,-5.800000190734863,-5.5,-5.5,-5.5,-5.5,-5.5,-5.300000190734863,-5.099999904632568,-4.900000095367432,-4.699999809265137,-4.599999904632568,-4.5,-4.5,-4.5,-4.400000095367432,-4.400000095367432,-4.300000190734863,-4.300000190734863,-4.199999809265137,-4.099999904632568
-8.699999809265137,-8.100000381469727,-7.800000190734863,-7.699999809265137,-7.599999904632568,-7.599999904632568,-7.400000095367432,-7.300000190734863,-7.099999904632568,-7.099999904632568,-7.199999809265137,-7.300000190734863,-7.400000095367432,-7.5,-7.5,-7.5,-7.400000095367432,-7.400000095367432,-7.300000190734863,-7.400000095367432,-7.5,-7.5,-7.5,-7.300000190734863,-6.900000095367432,-6.300000190734863,-5.699999809265137,-5.400000095367432,-5.300000190734863,-5.400000095367432,-5.400000095367432,-5.400000095367432,-5.199999809265137,-4.800000190734863,-4.599999904632568,-4.400000095367432,-4.300000190734863,-4.300000190734863,-4.400000095367432,-4.300000190734863,-4.300000190734863,-4.199999809265137,-4.099999904632568,-4.0,-4.0,-3.9000000953674316
-8.699999809265137,-7.900000095367432,-7.800000190734863,-7.800000190734863,-7.699999809265137,-7.699999809265137,-7.5,-7.300000190734863,-7.199999809265137,-7.099999904632568,-7.199999809265137,-7.300000190734863,-7.5,-7.599999904632568,-7.599999904632568,-7.599999904632568,-7.599999904632568,-7.5,-7.400000095367432,-7.400000095367432,-7.5,-7.599999904632568,-7.5,-7.5,-7.0,-6.400000095367432,-5.699999809265137,-5.300000190734863,-5.199999809265137,-5.400000095367432,-5.400000095367432,-5.199999809265137,-4.900000095367432,-4.5,-4.199999809265137,-4.0,-4.099999904632568,-4.199999809265137,-4.199999809265137,-4.199999809265137,-4.199999809265137,-4.0,-3.9000000953674316,-3.799999952316284,-3.799999952316284,-3.799999952316284
-8.800000190734863,-7.699999809265137,-7.699999809265137,-7.800000190734863,-7.800000190734863,-7.699999809265137,-7.599999904632568,-7.400000095367432,-7.199999809265137,-7.099999904632568,-7.199999809265137,-7.300000190734863,-7.5,-7.599999904632568,-7.599999904632568,-7.699999809265137,-7.800000190734863,-7.699999809265137,-7.599999904632568,-7.599999904632568,-7.599999904632568,-7.599999904632568,-7.5,-7.400000095367432,-7.0,-6.5,-5.900000095367432,-5.400000095367432,-5.300000190734863,-5.199999809265137,-5.199999809265137,-5.0,-4.599999904632568,-4.099999904632568,-3.9000000953674316,-3.799999952316284,-3.9000000953674316,-4.099999904632568,-4.199999809265137,-4.199999809265137,-4.099999904632568,-3.9000000953674316,-3.700000047683716,-3.700000047683716,-3.799999952316284,-3.799999952316284
-7.199999809265137,-7.400000095367432,-7.599999904632568,-7.900000095367432,-7.900000095367432,-7.800000190734863,-7.699999809265137,-7.400000095367432,-7.199999809265137,-7.199999809265137,-7.199999809265137,-7.400000095367432,-7.400000095367432,-7.5,-7.599999904632568,-7.699999809265137,-7.800000190734863,-7.800000190734863,-7.800000190734863,-7.699999809265137,-7.699999809265137,-7.5,-7.300000190734863,-7.199999809265137,-6.900000095367432,-6.599999904632568,-6.199999809265137,-5.699999809265137,-5.5,-5.300000190734863,-5.099999904632568,-4.699999809265137,-4.300000190734863,-3.9000000953674316,-3.5999999046325684,-3.5999999046325684,-3.799999952316284,-4.0,-4.199999809265137,-4.199999809265137,-4.0,-3.799999952316284,-3.700000047683716,-3.799999952316284,-3.799999952316284,-3.799999952316284
