data_weather/step_27.json
{"header": {"nx": 220, "ny": 225, "lo1": 11.000000000000096, "la1": 39.480000000000906, "lo2": 16.475000000000172, "la2": 35.000000000000206, "dx": 0.025000000000000355, "dy": 0.020000000000003126, "scanMode": 0, "refTime": "2026-03-16T15:00:00.000Z", "parameterCategory": 2, "parameterNumber": 2}, "data":
[rows 21 to 41 of 225, columns 92 to 137 of 220]
-5.0,-5.0,-5.0,-4.900000095367432,-4.900000095367432,-4.900000095367432,-5.0,-5.0,-5.099999904632568,-5.199999809265137,-5.5,-5.699999809265137,-6.099999904632568,-6.5,-6.599999904632568,-6.699999809265137,-7.300000190734863,-7.599999904632568,-8.0,-8.5,-9.199999809265137,-9.600000381469727,-9.800000190734863,-10.0,-10.100000381469727,-9.699999809265137,-9.199999809265137,-8.600000381469727,-8.300000190734863,-8.0,-7.800000190734863,-7.800000190734863,-8.0,-8.300000190734863,-8.699999809265137,-9.100000381469727,-9.399999618530273,-9.800000190734863,-10.199999809265137,-10.699999809265137,-11.100000381469727,-11.399999618530273,-11.399999618530273,-11.5,-11.600000381469727,-11.600000381469727
-5.099999904632568,-5.099999904632568,-5.0,-5.0,-5.0,-5.0,-5.099999904632568,-5.199999809265137,-5.300000190734863,-5.5,-5.699999809265137,-6.0,-6.400000095367432,-6.900000095367432,-7.400000095367432,-7.5,-7.699999809265137,-7.800000190734863,-8.100000381469727,-8.600000381469727,-9.300000190734863,-9.699999809265137,-9.800000190734863,-9.899999618530273,-9.899999618530273,-9.600000381469727,-9.0,-8.5,-8.100000381469727,-7.900000095367432,-7.800000190734863,-7.900000095367432,-8.199999809265137,-8.600000381469727,-9.0,-9.399999618530273,-9.899999618530273,-10.300000190734863,-10.800000190734863,-11.300000190734863,-11.699999809265137,-11.800000190734863,-11.800000190734863,-11.800000190734863,-11.800000190734863,-11.800000190734863
-5.0,-5.0,-5.099999904632568,-5.099999904632568,-5.099999904632568,-5.199999809265137,-5.199999809265137,-5.300000190734863,-5.400000095367432,-5.699999809265137,-5.900000095367432,-6.199999809265137,-6.5,-6.800000190734863,-7.099999904632568,-7.300000190734863,-7.599999904632568,-7.699999809265137,-8.199999809265137,-8.800000190734863,-9.399999618530273,-9.699999809265137,-9.699999809265137,-9.800000190734863,-9.699999809265137,-9.300000190734863,-8.800000190734863,-8.300000190734863,-8.0,-7.800000190734863,-7.800000190734863,-8.0,-8.5,-8.899999618530273,-9.399999618530273,-9.800000190734863,-10.300000190734863,-10.899999618530273,-11.5,-12.0,-12.199999809265137,-12.300000190734863,-12.199999809265137,-11.899999618530273,-11.899999618530273,-11.899999618530273
-5.099999904632568,-5.099999904632568,-5.199999809265137,-5.300000190734863,-5.300000190734863,-5.300000190734863,-5.400000095367432,-5.400000095367432,-5.599999904632568,-5.800000190734863,-6.0,-6.199999809265137,-6.400000095367432,-6.699999809265137,-7.0,-7.199999809265137,-7.400000095367432,-7.800000190734863,-8.399999618530273,-9.100000381469727,-9.5,-9.600000381469727,-9.600000381469727,-9.600000381469727,-9.5,-9.100000381469727,-8.600000381469727,-8.199999809265137,-7.900000095367432,-7.800000190734863,-7.900000095367432,-8.199999809265137,-8.699999809265137,-9.300000190734863,-9.699999809265137,-10.100000381469727,-10.699999809265137,-11.5,-12.199999809265137,-12.5,-12.5,-12.5,-12.300000190734863,-12.199999809265137,-12.199999809265137,-12.100000381469727
-5.300000190734863,-5.300000190734863,-5.400000095367432,-5.400000095367432,-5.400000095367432,-5.5,-5.5,-5.599999904632568,-5.699999809265137,-5.900000095367432,-6.199999809265137,-6.400000095367432,-6.5,-6.699999809265137,-6.900000095367432,-7.199999809265137,-7.400000095367432,-7.900000095367432,-8.699999809265137,-9.199999809265137,-9.399999618530273,-9.399999618530273,-9.399999618530273,-9.300000190734863,-9.199999809265137,-8.899999618530273,-8.5,-8.100000381469727,-7.800000190734863,-7.800000190734863,-7.900000095367432,-8.399999618530273,-9.0,-9.5,-9.899999618530273,-10.300000190734863,-11.0,-12.0,-12.600000381469727,-12.800000190734863,-12.600000381469727,-12.5,-12.399999618530273,-12.399999618530273,-12.399999618530273,-12.399999618530273
-5.400000095367432,-5.400000095367432,-5.400000095367432,-5.5,-5.5,-5.599999904632568,-5.599999904632568,-5.699999809265137,-5.900000095367432,-6.199999809265137,-6.400000095367432,-6.599999904632568,-6.699999809265137,-6.800000190734863,-6.900000095367432,-7.099999904632568,-7.5,-8.199999809265137,-8.800000190734863,-9.199999809265137,-9.300000190734863,-9.199999809265137,-9.100000381469727,-9.0,-8.899999618530273,-8.699999809265137,-8.399999618530273,-8.100000381469727,-7.800000190734863,-7.800000190734863,-8.0,-8.399999618530273,-9.100000381469727,-9.600000381469727,-10.0,-10.5,-11.300000190734863,-12.300000190734863,-12.899999618530273,-12.800000190734863,-12.600000381469727,-12.5,-12.5,-12.600000381469727,-12.600000381469727,-12.600000381469727
-5.5,-5.5,-5.400000095367432,-5.5,-5.5,-5.599999904632568,-5.699999809265137,-5.900000095367432,-6.199999809265137,-6.5,-6.699999809265137,-6.800000190734863,-6.800000190734863,-6.800000190734863,-6.900000095367432,-7.099999904632568,-7.599999904632568,-8.300000190734863,-8.899999618530273,-9.100000381469727,-9.100000381469727,-9.0,-8.800000190734863,-8.600000381469727,-8.600000381469727,-8.5,-8.399999618530273,-8.100000381469727,-7.800000190734863,-7.800000190734863,-8.0,-8.5,-9.100000381469727,-9.600000381469727,-10.0,-10.5,-11.399999618530273,-12.5,-12.899999618530273,-12.800000190734863,-12.600000381469727,-12.5,-12.600000381469727,-12.699999809265137,-12.699999809265137,-12.699999809265137
-5.5,-5.400000095367432,-5.400000095367432,-5.400000095367432,-5.5,-5.599999904632568,-5.699999809265137,-6.0,-6.400000095367432,-6.800000190734863,-7.0,-6.900000095367432,-6.900000095367432,-6.900000095367432,-7.0,-7.199999809265137,-7.800000190734863,-8.399999618530273,-8.899999618530273,-9.0,-9.0,-8.699999809265137,-8.5,-8.300000190734863,-8.399999618530273,-8.5,-8.399999618530273,-8.199999809265137,-7.900000095367432,-7.900000095367432,-8.100000381469727,-8.5,-9.0,-9.600000381469727,-9.699999809265137,-10.5,-11.5,-12.5,-12.899999618530273,-12.699999809265137,-12.5,-12.5,-12.699999809265137,-12.699999809265137,-12.699999809265137,-12.699999809265137
-5.5,-5.400000095367432,-5.400000095367432,-5.400000095367432,-5.5,-5.599999904632568,-5.800000190734863,-6.199999809265137,-6.800000190734863,-7.099999904632568,-7.199999809265137,-7.0,-7.0,-7.099999904632568,-7.199999809265137,-7.599999904632568,-8.0,-8.5,-8.899999618530273,-9.0,-8.800000190734863,-8.5,-8.199999809265137,-8.199999809265137,-8.300000190734863,-8.5,-8.5,-8.300000190734863,-8.0,-7.900000095367432,-8.100000381469727,-8.5,-9.0,-9.699999809265137,-10.399999618530273,-10.800000190734863,-11.5,-12.399999618530273,-12.800000190734863,-12.699999809265137,-12.600000381469727,-12.600000381469727,-12.699999809265137,-12.699999809265137,-12.600000381469727,-12.600000381469727
-5.5,-5.400000095367432,-5.300000190734863,-5.400000095367432,-5.5,-5.699999809265137,-5.900000095367432,-6.400000095367432,-7.0,-7.400000095367432,-7.300000190734863,-7.199999809265137,-7.300000190734863,-7.400000095367432,-7.599999904632568,-7.900000095367432,-8.199999809265137,-8.5,-8.699999809265137,-8.800000190734863,-8.600000381469727,-8.300000190734863,-8.100000381469727,-8.100000381469727,-8.300000190734863,-8.600000381469727,-8.600000381469727,-8.399999618530273,-8.100000381469727,-8.0,-8.100000381469727,-8.399999618530273,-9.199999809265137,-10.5,-11.399999618530273,-11.600000381469727,-11.800000190734863,-12.199999809265137,-12.5,-12.699999809265137,-12.699999809265137,-12.800000190734863,-12.800000190734863,-12.600000381469727,-12.5,-12.399999618530273
-5.400000095367432,-5.400000095367432,-5.400000095367432,-5.400000095367432,-5.400000095367432,-5.599999904632568,-6.0,-6.5,-7.199999809265137,-7.400000095367432,-7.300000190734863,-7.400000095367432,-7.599999904632568,-7.900000095367432,-7.900000095367432,-8.0,-8.199999809265137,-8.5,-8.600000381469727,-8.600000381469727,-8.399999618530273,-8.100000381469727,-7.900000095367432,-8.0,-8.399999618530273,-8.699999809265137,-8.800000190734863,-8.399999618530273,-8.100000381469727,-8.0,-8.100000381469727,-8.399999618530273,-9.199999809265137,-10.5,-11.699999809265137,-12.0,-11.899999618530273,-12.0,-12.300000190734863,-12.699999809265137,-12.899999618530273,-12.899999618530273,-12.800000190734863,-12.5,-12.300000190734863,-12.300000190734863
-5.400000095367432,-5.400000095367432,-5.300000190734863,-5.300000190734863,-5.300000190734863,-5.599999904632568,-6.199999809265137,-6.699999809265137,-7.300000190734863,-7.300000190734863,-7.400000095367432,-7.699999809265137,-8.100000381469727,-8.199999809265137,-8.199999809265137,-8.199999809265137,-8.399999618530273,-8.5,-8.600000381469727,-8.399999618530273,-8.100000381469727,-7.800000190734863,-7.800000190734863,-8.100000381469727,-8.5,-8.899999618530273,-8.800000190734863,-8.5,-8.199999809265137,-8.0,-8.100000381469727,-8.399999618530273,-9.300000190734863,-10.800000190734863,-11.899999618530273,-12.199999809265137,-11.899999618530273,-11.899999618530273,-12.199999809265137,-12.699999809265137,-13.100000381469727,-13.0,-12.699999809265137,-12.300000190734863,-12.100000381469727,-12.100000381469727
-5.5,-5.400000095367432,-5.199999809265137,-5.199999809265137,-5.300000190734863,-5.800000190734863,-6.400000095367432,-7.0,-7.199999809265137,-7.300000190734863,-7.400000095367432,-8.0,-8.399999618530273,-8.399999618530273,-8.300000190734863,-8.300000190734863,-8.5,-8.5,-8.5,-8.199999809265137,-7.800000190734863,-7.599999904632568,-7.699999809265137,-8.199999809265137,-8.699999809265137,-9.0,-8.899999618530273,-8.600000381469727,-8.199999809265137,-8.0,-8.100000381469727,-8.5,-9.600000381469727,-11.0,-12.100000381469727,-12.300000190734863,-12.100000381469727,-12.0,-12.399999618530273,-12.800000190734863,-13.100000381469727,-13.0,-12.600000381469727,-12.199999809265137,-12.0,-12.0
-5.5,-5.300000190734863,-5.199999809265137,-5.099999904632568,-5.5,-6.099999904632568,-6.699999809265137,-7.099999904632568,-7.0,-7.199999809265137,-7.599999904632568,-8.199999809265137,-8.5,-8.399999618530273,-8.399999618530273,-8.399999618530273,-8.5,-8.5,-8.300000190734863,-7.900000095367432,-7.599999904632568,-7.5,-7.800000190734863,-8.300000190734863,-8.899999618530273,-9.100000381469727,-9.0,-8.600000381469727,-8.300000190734863,-8.100000381469727,-8.199999809265137,-8.699999809265137,-10.0,-11.399999618530273,-12.300000190734863,-12.399999618530273,-12.100000381469727,-12.100000381469727,-12.399999618530273,-12.800000190734863,-13.0,-12.800000190734863,-12.5,-12.199999809265137,-11.899999618530273,-11.899999618530273
-5.300000190734863,-5.199999809265137,-5.199999809265137,-5.199999809265137,-5.699999809265137,-6.400000095367432,-6.900000095367432,-7.0,-7.0,-7.099999904632568,-7.699999809265137,-8.300000190734863,-8.399999618530273,-8.399999618530273,-8.399999618530273,-8.399999618530273,-8.5,-8.399999618530273,-8.0,-7.699999809265137,-7.400000095367432,-7.400000095367432,-7.800000190734863,-8.399999618530273,-9.0,-9.199999809265137,-9.100000381469727,-8.699999809265137,-8.399999618530273,-8.199999809265137,-8.399999618530273,-9.199999809265137,-10.600000381469727,-11.800000190734863,-12.300000190734863,-12.300000190734863,-12.100000381469727,-12.100000381469727,-12.399999618530273,-12.699999809265137,-12.800000190734863,-12.600000381469727,-12.300000190734863,-12.100000381469727,-12.0,-11.899999618530273
-5.300000190734863,-5.199999809265137,-5.199999809265137,-5.400000095367432,-5.900000095367432,-6.599999904632568,-7.0,-7.0,-6.900000095367432,-7.099999904632568,-7.800000190734863,-8.399999618530273,-8.5,-8.399999618530273,-8.300000190734863,-8.399999618530273,-8.399999618530273,-8.199999809265137,-7.800000190734863,-7.5,-7.300000190734863,-7.400000095367432,-7.800000190734863,-8.399999618530273,-9.0,-9.199999809265137,-9.100000381469727,-8.800000190734863,-8.5,-8.399999618530273,-8.899999618530273,-10.199999809265137,-11.399999618530273,-12.0,-12.300000190734863,-12.399999618530273,-12.199999809265137,-12.199999809265137,-12.300000190734863,-12.5,-12.600000381469727,-12.399999618530273,-12.199999809265137,-12.0,-11.899999618530273,-11.899999618530273
-5.199999809265137,-5.300000190734863,-5.400000095367432,-5.599999904632568,-6.099999904632568,-6.699999809265137,-7.0,-6.900000095367432,-6.800000190734863,-7.199999809265137,-8.0,-8.5,-8.5,-8.300000190734863,-8.300000190734863,-8.399999618530273,-8.300000190734863,-8.100000381469727,-7.699999809265137,-7.400000095367432,-7.300000190734863,-7.5,-7.900000095367432,-8.5,-9.0,-9.199999809265137,-9.100000381469727,-8.899999618530273,-8.699999809265137,-8.800000190734863,-9.5,-10.800000190734863,-11.800000190734863,-12.100000381469727,-12.300000190734863,-12.300000190734863,-12.399999618530273,-12.399999618530273,-12.399999618530273,-12.399999618530273,-12.399999618530273,-12.199999809265137,-12.0,-11.899999618530273,-11.899999618530273,-11.800000190734863
-5.199999809265137,-5.300000190734863,-5.5,-5.800000190734863,-6.300000190734863,-6.699999809265137,-6.900000095367432,-6.800000190734863,-6.900000095367432,-7.400000095367432,-8.199999809265137,-8.600000381469727,-8.5,-8.300000190734863,-8.199999809265137,-8.300000190734863,-8.300000190734863,-8.0,-7.699999809265137,-7.5,-7.5,-7.599999904632568,-8.0,-8.600000381469727,-9.0,-9.199999809265137,-9.100000381469727,-8.899999618530273,-8.899999618530273,-9.199999809265137,-10.0,-11.399999618530273,-12.0,-12.100000381469727,-12.100000381469727,-12.199999809265137,-12.399999618530273,-12.5,-12.5,-12.399999618530273,-12.199999809265137,-12.0,-11.800000190734863,-11.699999809265137,-11.699999809265137,-11.800000190734863
-5.199999809265137,-5.300000190734863,-5.599999904632568,-6.0,-6.400000095367432,-6.800000190734863,-6.800000190734863,-6.800000190734863,-7.099999904632568,-7.800000190734863,-8.5,-8.699999809265137,-8.5,-8.300000190734863,-8.300000190734863,-8.300000190734863,-8.300000190734863,-8.0,-7.800000190734863,-7.599999904632568,-7.599999904632568,-7.800000190734863,-8.199999809265137,-8.600000381469727,-9.0,-9.100000381469727,-9.0,-9.0,-9.100000381469727,-9.5,-10.600000381469727,-11.699999809265137,-12.199999809265137,-12.199999809265137,-12.100000381469727,-12.199999809265137,-12.5,-12.5,-12.399999618530273,-12.300000190734863,-12.100000381469727,-11.899999618530273,-11.699999809265137,-11.800000190734863,-11.699999809265137,-11.699999809265137
-5.099999904632568,-5.099999904632568,-5.599999904632568,-6.099999904632568,-6.5,-6.699999809265137,-6.800000190734863,-7.0,-7.5,-8.300000190734863,-8.800000190734863,-8.800000190734863,-8.5,-8.300000190734863,-8.300000190734863,-8.399999618530273,-8.300000190734863,-8.100000381469727,-7.900000095367432,-7.800000190734863,-7.900000095367432,-8.100000381469727,-8.399999618530273,-8.800000190734863,-9.0,-9.100000381469727,-9.0,-9.0,-9.100000381469727,-9.699999809265137,-10.800000190734863,-11.800000190734863,-12.100000381469727,-12.0,-12.0,-12.100000381469727,-12.399999618530273,-12.399999618530273,-12.300000190734863,-12.199999809265137,-12.100000381469727,-11.899999618530273,-11.699999809265137,-11.600000381469727,-11.5,-11.600000381469727
-4.900000095367432,-5.099999904632568,-5.5,-6.099999904632568,-6.5,-6.699999809265137,-6.800000190734863,-7.199999809265137,-8.0,-8.699999809265137,-9.0,-8.800000190734863,-8.5,-8.399999618530273,-8.5,-8.5,-8.399999618530273,-8.199999809265137,-8.0,-8.0,-8.100000381469727,-8.300000190734863,-8.600000381469727,-8.899999618530273,-9.0,-9.0,-9.0,-9.0,-9.300000190734863,-10.0,-11.100000381469727,-11.699999809265137,-11.800000190734863,-11.800000190734863,-11.800000190734863,-12.0,-12.199999809265137,-12.300000190734863,-12.300000190734863,-12.300000190734863,-12.100000381469727,-11.800000190734863,-11.399999618530273,-11.100000381469727,-11.100000381469727,-11.399999618530273
