data_weather/step_16.json
{"header": {"nx": 220, "ny": 225, "lo1": 11.000000000000096, "la1": 39.480000000000906, "lo2": 16.475000000000172, "la2": 35.000000000000206, "dx": 0.025000000000000355, "dy": 0.020000000000003126, "scanMode": 0, "refTime": "2026-03-15T04:00:00.000Z", "parameterCategory": 2, "parameterNumber": 2}, "data":
[rows 42 to 62 of 225, columns 0 to 46 of 220]
7.099999904632568,7.699999809265137,8.100000381469727,8.399999618530273,11.0,11.199999809265137,3.9000000953674316,-4.300000190734863,-5.900000095367432,-4.900000095367432,-4.800000190734863,-5.199999809265137,-5.400000095367432,-5.400000095367432,-5.599999904632568,-5.599999904632568,-5.5,-5.300000190734863,-5.099999904632568,-5.0,-4.900000095367432,-4.599999904632568,-4.5,-4.599999904632568,-4.699999809265137,-4.5,-4.300000190734863,-4.300000190734863,-4.300000190734863,-4.199999809265137,-4.300000190734863,-4.199999809265137,-4.300000190734863,-4.599999904632568,-5.300000190734863,-5.900000095367432,-6.0,-5.800000190734863,-5.699999809265137,-5.800000190734863,-6.0,-6.300000190734863,-6.199999809265137,-6.0,-5.900000095367432,-5.699999809265137,-5.599999904632568
7.0,7.199999809265137,7.599999904632568,7.400000095367432,9.899999618530273,13.0,6.199999809265137,-3.5,-5.300000190734863,-5.0,-4.900000095367432,-5.199999809265137,-5.300000190734863,-5.400000095367432,-5.5,-5.599999904632568,-5.5,-5.300000190734863,-5.099999904632568,-5.0,-4.900000095367432,-4.699999809265137,-4.5,-4.5,-4.599999904632568,-4.5,-4.400000095367432,-4.199999809265137,-4.199999809265137,-4.300000190734863,-4.300000190734863,-4.199999809265137,-4.199999809265137,-4.400000095367432,-4.900000095367432,-5.5,-5.900000095367432,-5.900000095367432,-5.800000190734863,-5.800000190734863,-6.099999904632568,-6.400000095367432,-6.5,-6.300000190734863,-6.099999904632568,-6.0,-5.900000095367432
6.800000190734863,6.900000095367432,6.900000095367432,6.800000190734863,10.0,13.800000190734863,8.399999618530273,-1.0,-5.5,-5.099999904632568,-5.0,-5.199999809265137,-5.300000190734863,-5.400000095367432,-5.5,-5.599999904632568,-5.5,-5.400000095367432,-5.199999809265137,-5.099999904632568,-5.0,-4.800000190734863,-4.5,-4.300000190734863,-4.400000095367432,-4.5,-4.400000095367432,-4.300000190734863,-4.199999809265137,-4.300000190734863,-4.300000190734863,-4.300000190734863,-4.300000190734863,-4.199999809265137,-4.400000095367432,-5.0,-5.699999809265137,-5.800000190734863,-5.800000190734863,-5.900000095367432,-6.099999904632568,-6.5,-6.699999809265137,-6.400000095367432,-6.300000190734863,-6.300000190734863,-6.300000190734863
6.800000190734863,6.800000190734863,6.900000095367432,7.199999809265137,8.199999809265137,13.399999618530273,11.600000381469727,1.600000023841858,-4.400000095367432,-5.199999809265137,-5.0,-5.199999809265137,-5.400000095367432,-5.5,-5.5,-5.5,-5.5,-5.400000095367432,-5.199999809265137,-5.099999904632568,-5.0,-4.800000190734863,-4.5,-4.300000190734863,-4.199999809265137,-4.400000095367432,-4.400000095367432,-4.300000190734863,-4.199999809265137,-4.199999809265137,-4.300000190734863,-4.400000095367432,-4.400000095367432,-4.099999904632568,-4.199999809265137,-4.699999809265137,-5.5,-5.699999809265137,-5.800000190734863,-5.800000190734863,-6.0,-6.400000095367432,-6.699999809265137,-6.599999904632568,-6.5,-6.5,-6.5
6.800000190734863,6.800000190734863,6.900000095367432,7.199999809265137,8.5,11.899999618530273,14.199999809265137,6.099999904632568,-2.5999999046325684,-4.800000190734863,-4.900000095367432,-5.300000190734863,-5.5,-5.5,-5.5,-5.5,-5.400000095367432,-5.300000190734863,-5.099999904632568,-5.0,-4.900000095367432,-4.800000190734863,-4.599999904632568,-4.300000190734863,-4.099999904632568,-4.199999809265137,-4.5,-4.5,-4.300000190734863,-4.199999809265137,-4.300000190734863,-4.300000190734863,-4.300000190734863,-4.099999904632568,-4.099999904632568,-4.5,-5.199999809265137,-5.599999904632568,-5.699999809265137,-5.800000190734863,-6.0,-6.400000095367432,-6.699999809265137,-6.699999809265137,-6.599999904632568,-6.599999904632568,-6.699999809265137
7.099999904632568,7.099999904632568,7.099999904632568,7.199999809265137,8.399999618530273,11.699999809265137,14.800000190734863,9.0,0.20000000298023224,-4.599999904632568,-5.099999904632568,-5.5,-5.699999809265137,-5.699999809265137,-5.599999904632568,-5.400000095367432,-5.300000190734863,-5.199999809265137,-5.0,-4.900000095367432,-4.900000095367432,-4.800000190734863,-4.699999809265137,-4.599999904632568,-4.199999809265137,-4.199999809265137,-4.599999904632568,-4.699999809265137,-4.5,-4.300000190734863,-4.300000190734863,-4.300000190734863,-4.199999809265137,-4.099999904632568,-4.199999809265137,-4.400000095367432,-4.900000095367432,-5.599999904632568,-5.800000190734863,-5.900000095367432,-6.0,-6.400000095367432,-6.699999809265137,-6.800000190734863,-6.800000190734863,-6.699999809265137,-6.699999809265137
7.900000095367432,7.400000095367432,7.099999904632568,7.099999904632568,8.5,10.399999618530273,14.5,12.600000381469727,3.0,-3.4000000953674316,-5.300000190734863,-5.599999904632568,-5.800000190734863,-5.699999809265137,-5.599999904632568,-5.400000095367432,-5.300000190734863,-5.099999904632568,-5.0,-4.900000095367432,-4.800000190734863,-4.800000190734863,-4.800000190734863,-4.800000190734863,-4.5,-4.400000095367432,-4.800000190734863,-4.800000190734863,-4.699999809265137,-4.400000095367432,-4.199999809265137,-4.099999904632568,-4.199999809265137,-4.099999904632568,-4.099999904632568,-4.400000095367432,-4.900000095367432,-5.599999904632568,-5.900000095367432,-6.099999904632568,-6.099999904632568,-6.400000095367432,-6.699999809265137,-6.900000095367432,-6.900000095367432,-6.800000190734863,-6.699999809265137
8.5,7.900000095367432,7.300000190734863,7.300000190734863,8.100000381469727,10.100000381469727,13.0,14.800000190734863,6.800000190734863,-2.0,-5.099999904632568,-5.599999904632568,-5.900000095367432,-5.800000190734863,-5.599999904632568,-5.5,-5.300000190734863,-5.099999904632568,-5.0,-5.0,-4.900000095367432,-4.900000095367432,-4.900000095367432,-4.900000095367432,-4.900000095367432,-4.699999809265137,-4.900000095367432,-5.0,-4.800000190734863,-4.5,-4.199999809265137,-4.099999904632568,-4.199999809265137,-4.199999809265137,-4.099999904632568,-4.400000095367432,-5.0,-5.5,-6.0,-6.199999809265137,-6.199999809265137,-6.300000190734863,-6.599999904632568,-6.900000095367432,-7.0,-6.900000095367432,-6.800000190734863
8.699999809265137,8.199999809265137,7.400000095367432,7.5,8.199999809265137,9.699999809265137,11.600000381469727,14.899999618530273,9.0,-0.10000000149011612,-5.199999809265137,-6.099999904632568,-6.099999904632568,-5.900000095367432,-5.699999809265137,-5.599999904632568,-5.300000190734863,-5.300000190734863,-5.199999809265137,-5.099999904632568,-5.099999904632568,-5.099999904632568,-5.199999809265137,-5.099999904632568,-5.0,-4.900000095367432,-5.099999904632568,-5.099999904632568,-4.900000095367432,-4.599999904632568,-4.300000190734863,-4.099999904632568,-4.199999809265137,-4.300000190734863,-4.199999809265137,-4.599999904632568,-5.099999904632568,-5.599999904632568,-6.0,-6.199999809265137,-6.099999904632568,-6.099999904632568,-6.400000095367432,-6.900000095367432,-7.0,-7.0,-7.0
9.100000381469727,8.399999618530273,7.599999904632568,7.5,8.100000381469727,9.5,11.5,14.5,11.600000381469727,1.5,-4.800000190734863,-6.5,-6.300000190734863,-6.099999904632568,-5.900000095367432,-5.699999809265137,-5.5,-5.5,-5.400000095367432,-5.400000095367432,-5.400000095367432,-5.5,-5.5,-5.300000190734863,-5.099999904632568,-5.199999809265137,-5.099999904632568,-5.099999904632568,-5.0,-4.800000190734863,-4.5,-4.199999809265137,-4.099999904632568,-4.400000095367432,-4.5,-4.800000190734863,-5.300000190734863,-5.699999809265137,-5.900000095367432,-6.099999904632568,-6.099999904632568,-6.099999904632568,-6.400000095367432,-6.800000190734863,-7.099999904632568,-7.099999904632568,-7.199999809265137
9.199999809265137,8.5,7.5,7.5,8.5,9.300000190734863,11.300000190734863,13.300000190734863,12.899999618530273,3.9000000953674316,-5.0,-6.800000190734863,-6.400000095367432,-6.300000190734863,-6.099999904632568,-5.900000095367432,-5.699999809265137,-5.599999904632568,-5.5,-5.599999904632568,-5.699999809265137,-5.800000190734863,-5.699999809265137,-5.599999904632568,-5.5,-5.400000095367432,-5.300000190734863,-5.300000190734863,-5.300000190734863,-5.0,-4.599999904632568,-4.400000095367432,-4.199999809265137,-4.400000095367432,-4.800000190734863,-5.0,-5.300000190734863,-5.5,-5.800000190734863,-6.099999904632568,-6.199999809265137,-6.300000190734863,-6.5,-6.800000190734863,-7.199999809265137,-7.300000190734863,-7.300000190734863
9.199999809265137,8.399999618530273,7.5,7.599999904632568,8.699999809265137,9.699999809265137,10.800000190734863,12.699999809265137,12.899999618530273,4.400000095367432,-4.900000095367432,-7.400000095367432,-6.900000095367432,-6.5,-6.300000190734863,-6.099999904632568,-5.900000095367432,-5.699999809265137,-5.599999904632568,-5.699999809265137,-5.900000095367432,-6.0,-6.0,-5.900000095367432,-5.800000190734863,-5.699999809265137,-5.699999809265137,-5.599999904632568,-5.599999904632568,-5.400000095367432,-5.199999809265137,-4.900000095367432,-4.699999809265137,-4.599999904632568,-4.900000095367432,-5.0,-5.099999904632568,-5.300000190734863,-5.599999904632568,-6.099999904632568,-6.5,-6.699999809265137,-6.699999809265137,-7.0,-7.300000190734863,-7.5,-7.5
9.0,8.100000381469727,7.5,7.900000095367432,9.199999809265137,10.600000381469727,10.899999618530273,12.300000190734863,13.399999618530273,5.900000095367432,-5.199999809265137,-7.699999809265137,-7.0,-6.599999904632568,-6.5,-6.199999809265137,-6.099999904632568,-5.900000095367432,-5.800000190734863,-5.900000095367432,-6.099999904632568,-6.199999809265137,-6.199999809265137,-6.099999904632568,-6.0,-5.900000095367432,-6.0,-6.199999809265137,-6.199999809265137,-6.099999904632568,-5.699999809265137,-5.400000095367432,-5.099999904632568,-5.099999904632568,-5.0,-4.900000095367432,-4.800000190734863,-5.0,-5.5,-6.099999904632568,-6.599999904632568,-7.199999809265137,-7.099999904632568,-7.099999904632568,-7.300000190734863,-7.599999904632568,-7.699999809265137
8.199999809265137,7.5,7.5,8.300000190734863,9.800000190734863,11.100000381469727,10.699999809265137,12.100000381469727,12.899999618530273,6.0,-4.599999904632568,-8.0,-7.199999809265137,-6.5,-6.199999809265137,-6.199999809265137,-6.099999904632568,-6.099999904632568,-6.0,-6.099999904632568,-6.300000190734863,-6.400000095367432,-6.5,-6.400000095367432,-6.400000095367432,-6.400000095367432,-6.599999904632568,-6.699999809265137,-6.800000190734863,-6.800000190734863,-6.400000095367432,-6.0,-5.699999809265137,-5.300000190734863,-5.0,-4.699999809265137,-4.699999809265137,-5.0,-5.5,-6.099999904632568,-6.699999809265137,-7.099999904632568,-7.099999904632568,-7.099999904632568,-7.300000190734863,-7.599999904632568,-7.800000190734863
7.400000095367432,7.199999809265137,7.699999809265137,8.800000190734863,10.199999809265137,11.5,11.199999809265137,10.600000381469727,13.899999618530273,8.100000381469727,-3.5999999046325684,-7.099999904632568,-6.900000095367432,-6.400000095367432,-5.900000095367432,-6.0,-6.099999904632568,-6.199999809265137,-6.199999809265137,-6.300000190734863,-6.5,-6.699999809265137,-6.800000190734863,-6.800000190734863,-6.900000095367432,-7.0,-7.099999904632568,-7.300000190734863,-7.300000190734863,-7.199999809265137,-6.900000095367432,-6.5,-6.099999904632568,-5.599999904632568,-5.199999809265137,-4.800000190734863,-4.800000190734863,-5.0,-5.5,-6.0,-6.5,-6.800000190734863,-7.0,-7.0,-7.099999904632568,-7.300000190734863,-7.800000190734863
6.599999904632568,6.900000095367432,7.900000095367432,9.100000381469727,10.399999618530273,11.399999618530273,11.399999618530273,11.0,13.5,9.699999809265137,-0.4000000059604645,-6.599999904632568,-7.199999809265137,-6.400000095367432,-5.5,-5.599999904632568,-6.099999904632568,-6.400000095367432,-6.400000095367432,-6.5,-6.699999809265137,-7.0,-7.099999904632568,-7.199999809265137,-7.400000095367432,-7.599999904632568,-7.699999809265137,-7.699999809265137,-7.599999904632568,-7.400000095367432,-7.199999809265137,-7.0,-6.599999904632568,-6.0,-5.5,-5.099999904632568,-5.099999904632568,-5.300000190734863,-5.699999809265137,-6.099999904632568,-6.300000190734863,-6.5,-6.599999904632568,-6.599999904632568,-6.900000095367432,-7.0,-7.5
5.900000095367432,6.400000095367432,7.699999809265137,9.100000381469727,10.5,11.199999809265137,11.5,10.300000190734863,13.300000190734863,13.199999809265137,4.099999904632568,-4.0,-7.0,-6.900000095367432,-5.900000095367432,-5.5,-6.199999809265137,-6.599999904632568,-6.599999904632568,-6.699999809265137,-7.0,-7.300000190734863,-7.5,-7.599999904632568,-7.699999809265137,-7.900000095367432,-8.0,-7.900000095367432,-7.800000190734863,-7.699999809265137,-7.599999904632568,-7.5,-7.099999904632568,-6.599999904632568,-6.099999904632568,-5.800000190734863,-5.699999809265137,-5.800000190734863,-6.0,-6.199999809265137,-6.400000095367432,-6.400000095367432,-6.5,-6.5,-6.699999809265137,-6.900000095367432,-6.900000095367432
5.199999809265137,6.099999904632568,7.699999809265137,9.199999809265137,10.399999618530273,11.100000381469727,10.699999809265137,10.600000381469727,11.699999809265137,14.600000381469727,10.0,3.0999999046325684,-4.900000095367432,-6.800000190734863,-6.599999904632568,-6.0,-6.400000095367432,-6.800000190734863,-6.800000190734863,-6.900000095367432,-7.199999809265137,-7.5,-7.699999809265137,-7.800000190734863,-8.0,-8.100000381469727,-8.100000381469727,-8.100000381469727,-8.100000381469727,-8.100000381469727,-8.0,-7.900000095367432,-7.599999904632568,-7.199999809265137,-6.800000190734863,-6.5,-6.300000190734863,-6.300000190734863,-6.400000095367432,-6.5,-6.599999904632568,-6.699999809265137,-6.699999809265137,-6.599999904632568,-6.5,-6.400000095367432,-6.300000190734863
4.900000095367432,5.599999904632568,7.300000190734863,8.899999618530273,10.100000381469727,11.0,10.899999618530273,10.600000381469727,11.699999809265137,14.300000190734863,13.300000190734863,8.699999809265137,-1.100000023841858,-6.5,-7.800000190734863,-6.900000095367432,-6.900000095367432,-7.099999904632568,-7.099999904632568,-7.0,-7.300000190734863,-7.699999809265137,-7.900000095367432,-8.0,-8.100000381469727,-8.199999809265137,-8.199999809265137,-8.300000190734863,-8.399999618530273,-8.399999618530273,-8.399999618530273,-8.300000190734863,-8.0,-7.699999809265137,-7.300000190734863,-7.0,-6.900000095367432,-6.800000190734863,-6.800000190734863,-6.800000190734863,-7.0,-7.099999904632568,-7.0,-6.900000095367432,-6.599999904632568,-6.300000190734863,-6.0
4.699999809265137,5.400000095367432,6.900000095367432,8.300000190734863,9.5,10.399999618530273,11.0,10.600000381469727,11.800000190734863,14.0,14.600000381469727,13.199999809265137,4.699999809265137,-4.699999809265137,-8.300000190734863,-8.199999809265137,-7.5,-7.5,-7.300000190734863,-7.199999809265137,-7.400000095367432,-7.699999809265137,-8.0,-8.100000381469727,-8.199999809265137,-8.199999809265137,-8.300000190734863,-8.5,-8.600000381469727,-8.699999809265137,-8.699999809265137,-8.5,-8.300000190734863,-8.0,-7.699999809265137,-7.400000095367432,-7.300000190734863,-7.199999809265137,-7.099999904632568,-7.099999904632568,-7.199999809265137,-7.300000190734863,-7.300000190734863,-7.300000190734863,-7.0,-6.599999904632568,-6.300000190734863
4.900000095367432,5.5,6.599999904632568,7.900000095367432,8.899999618530273,9.899999618530273,10.899999618530273,11.300000190734863,12.399999618530273,13.800000190734863,14.5,13.800000190734863,9.800000190734863,-2.0999999046325684,-8.199999809265137,-8.899999618530273,-7.900000095367432,-7.599999904632568,-7.5,-7.400000095367432,-7.5,-7.800000190734863,-8.0,-8.100000381469727,-8.199999809265137,-8.300000190734863,-8.399999618530273,-8.600000381469727,-8.800000190734863,-8.899999618530273,-8.800000190734863,-8.699999809265137,-8.399999618530273,-8.199999809265137,-7.800000190734863,-7.5,-7.400000095367432,-7.400000095367432,-7.300000190734863,-7.300000190734863,-7.300000190734863,-7.400000095367432,-7.5,-7.599999904632568,-7.5,-7.199999809265137,-7.0
