data_weather/step_16.json
{"header": {"nx": 220, "ny": 225, "lo1": 11.000000000000096, "la1": 39.480000000000906, "lo2": 16.475000000000172, "la2": 35.000000000000206, "dx": 0.025000000000000355, "dy": 0.020000000000003126, "scanMode": 0, "refTime": "2026-03-15T04:00:00.000Z", "parameterCategory": 2, "parameterNumber": 3}, "data":
[rows 21 to 41 of 225, columns 0 to 47 of 220]
3.799999952316284,5.300000190734863,6.199999809265137,6.400000095367432,5.599999904632568,4.099999904632568,1.600000023841858,-0.20000000298023224,-0.30000001192092896,4.199999809265137,11.100000381469727,11.899999618530273,12.199999809265137,11.800000190734863,11.899999618530273,12.100000381469727,12.0,12.100000381469727,12.0,12.100000381469727,12.100000381469727,12.100000381469727,12.100000381469727,12.0,11.899999618530273,11.899999618530273,11.899999618530273,12.0,12.0,12.100000381469727,12.100000381469727,12.100000381469727,12.100000381469727,11.899999618530273,11.699999809265137,11.399999618530273,11.300000190734863,11.300000190734863,11.300000190734863,11.399999618530273,11.5,11.699999809265137,11.699999809265137,11.600000381469727,11.5,11.199999809265137,10.899999618530273,10.699999809265137
3.299999952316284,4.599999904632568,5.699999809265137,6.400000095367432,5.800000190734863,4.199999809265137,1.5,-1.100000023841858,0.800000011920929,6.199999809265137,11.199999809265137,12.899999618530273,11.800000190734863,12.0,11.899999618530273,12.100000381469727,12.100000381469727,12.100000381469727,12.100000381469727,12.100000381469727,12.100000381469727,12.100000381469727,12.100000381469727,12.100000381469727,12.0,11.899999618530273,11.899999618530273,11.899999618530273,12.0,12.0,12.0,12.0,11.899999618530273,11.699999809265137,11.600000381469727,11.5,11.399999618530273,11.5,11.600000381469727,11.699999809265137,11.800000190734863,11.899999618530273,11.899999618530273,11.699999809265137,11.5,11.399999618530273,11.0,10.800000190734863
2.799999952316284,4.0,5.199999809265137,5.5,5.300000190734863,3.799999952316284,1.399999976158142,-0.8999999761581421,-0.20000000298023224,8.699999809265137,13.199999809265137,12.5,12.100000381469727,12.300000190734863,12.100000381469727,12.199999809265137,12.199999809265137,12.199999809265137,12.199999809265137,12.199999809265137,12.199999809265137,12.100000381469727,12.100000381469727,12.100000381469727,11.899999618530273,11.800000190734863,11.899999618530273,11.899999618530273,12.100000381469727,12.199999809265137,12.199999809265137,12.0,11.800000190734863,11.699999809265137,11.5,11.5,11.600000381469727,11.699999809265137,11.899999618530273,12.100000381469727,12.199999809265137,12.199999809265137,12.100000381469727,11.899999618530273,11.699999809265137,11.5,11.300000190734863,11.0
2.4000000953674316,3.5,4.400000095367432,4.699999809265137,4.300000190734863,3.4000000953674316,0.8999999761581421,-1.100000023841858,0.699999988079071,8.899999618530273,12.5,12.5,12.699999809265137,12.199999809265137,12.300000190734863,12.300000190734863,12.300000190734863,12.300000190734863,12.300000190734863,12.199999809265137,12.199999809265137,12.100000381469727,12.0,11.899999618530273,11.800000190734863,11.800000190734863,11.800000190734863,12.0,12.100000381469727,12.300000190734863,12.300000190734863,12.199999809265137,11.899999618530273,11.699999809265137,11.399999618530273,11.399999618530273,11.600000381469727,11.699999809265137,12.0,12.300000190734863,12.399999618530273,12.399999618530273,12.300000190734863,12.100000381469727,12.0,11.800000190734863,11.5,11.100000381469727
2.0,2.799999952316284,3.700000047683716,4.0,3.799999952316284,2.9000000953674316,0.699999988079071,-0.10000000149011612,4.199999809265137,9.899999618530273,13.5,13.100000381469727,12.5,12.399999618530273,12.300000190734863,12.399999618530273,12.300000190734863,12.300000190734863,12.300000190734863,12.100000381469727,12.0,11.899999618530273,11.699999809265137,11.600000381469727,11.600000381469727,11.600000381469727,11.800000190734863,12.0,12.0,12.199999809265137,12.100000381469727,12.0,11.800000190734863,11.699999809265137,11.300000190734863,11.199999809265137,11.399999618530273,11.600000381469727,12.0,12.399999618530273,12.5,12.5,12.5,12.300000190734863,12.100000381469727,11.899999618530273,11.699999809265137,11.300000190734863
1.399999976158142,2.200000047683716,3.0999999046325684,3.700000047683716,3.799999952316284,3.200000047683716,1.5,1.399999976158142,6.0,12.5,13.100000381469727,12.699999809265137,12.300000190734863,12.199999809265137,12.100000381469727,12.199999809265137,12.100000381469727,12.0,12.0,11.899999618530273,11.800000190734863,11.699999809265137,11.5,11.399999618530273,11.399999618530273,11.5,11.699999809265137,11.899999618530273,12.0,12.100000381469727,12.0,11.899999618530273,11.800000190734863,11.600000381469727,11.199999809265137,11.0,11.199999809265137,11.5,11.899999618530273,12.199999809265137,12.5,12.5,12.600000381469727,12.399999618530273,12.199999809265137,12.0,11.699999809265137,11.399999618530273
0.8999999761581421,1.600000023841858,2.700000047683716,3.5999999046325684,4.199999809265137,3.5,1.7999999523162842,2.9000000953674316,8.399999618530273,12.300000190734863,12.5,12.399999618530273,11.800000190734863,11.600000381469727,11.699999809265137,11.699999809265137,11.699999809265137,11.600000381469727,11.600000381469727,11.600000381469727,11.5,11.399999618530273,11.399999618530273,11.399999618530273,11.399999618530273,11.600000381469727,11.800000190734863,12.0,12.100000381469727,12.100000381469727,12.100000381469727,12.0,12.0,11.699999809265137,11.199999809265137,11.0,11.199999809265137,11.600000381469727,12.0,12.199999809265137,12.300000190734863,12.399999618530273,12.399999618530273,12.399999618530273,12.300000190734863,12.0,11.699999809265137,11.399999618530273
0.6000000238418579,1.2000000476837158,2.4000000953674316,3.5,4.300000190734863,3.200000047683716,2.700000047683716,4.5,9.300000190734863,11.800000190734863,12.199999809265137,11.399999618530273,11.300000190734863,11.199999809265137,11.100000381469727,11.199999809265137,11.199999809265137,11.199999809265137,11.300000190734863,11.300000190734863,11.399999618530273,11.399999618530273,11.600000381469727,11.699999809265137,11.899999618530273,12.0,12.100000381469727,12.199999809265137,12.199999809265137,12.300000190734863,12.300000190734863,12.300000190734863,12.5,12.100000381469727,11.5,11.100000381469727,11.199999809265137,11.600000381469727,12.0,12.100000381469727,12.199999809265137,12.199999809265137,12.199999809265137,12.199999809265137,12.199999809265137,12.100000381469727,11.800000190734863,11.600000381469727
0.5,1.100000023841858,2.0999999046325684,3.0,3.5999999046325684,2.9000000953674316,2.700000047683716,5.199999809265137,9.300000190734863,11.0,11.100000381469727,11.0,10.699999809265137,10.699999809265137,10.600000381469727,10.699999809265137,10.800000190734863,11.0,11.100000381469727,11.300000190734863,11.5,11.699999809265137,12.0,12.300000190734863,12.399999618530273,12.5,12.5,12.5,12.5,12.600000381469727,12.399999618530273,12.5,12.399999618530273,12.0,11.5,11.100000381469727,11.399999618530273,11.800000190734863,12.0,12.100000381469727,12.199999809265137,12.0,11.899999618530273,11.800000190734863,11.899999618530273,12.0,11.899999618530273,11.800000190734863
0.6000000238418579,1.100000023841858,2.0999999046325684,3.0999999046325684,2.799999952316284,2.0999999046325684,1.899999976158142,4.599999904632568,7.699999809265137,10.399999618530273,10.199999809265137,10.300000190734863,10.300000190734863,10.199999809265137,10.199999809265137,10.399999618530273,10.600000381469727,10.899999618530273,11.300000190734863,11.600000381469727,11.899999618530273,12.199999809265137,12.5,12.800000190734863,12.899999618530273,12.899999618530273,12.800000190734863,12.800000190734863,12.800000190734863,12.800000190734863,12.600000381469727,12.5,12.300000190734863,11.600000381469727,11.199999809265137,11.399999618530273,11.800000190734863,12.100000381469727,12.300000190734863,12.399999618530273,12.199999809265137,12.0,11.699999809265137,11.5,11.600000381469727,11.600000381469727,11.899999618530273,11.899999618530273
0.800000011920929,1.5,2.5999999046325684,3.0999999046325684,2.5999999046325684,1.2999999523162842,1.0,2.299999952316284,6.199999809265137,9.0,9.600000381469727,9.800000190734863,9.699999809265137,9.699999809265137,10.100000381469727,10.399999618530273,10.800000190734863,11.199999809265137,11.600000381469727,12.0,12.300000190734863,12.600000381469727,12.800000190734863,12.899999618530273,12.899999618530273,12.899999618530273,12.899999618530273,12.899999618530273,12.800000190734863,12.800000190734863,12.699999809265137,12.5,12.0,11.5,11.399999618530273,11.600000381469727,11.899999618530273,12.199999809265137,12.300000190734863,12.300000190734863,12.300000190734863,12.0,11.600000381469727,11.300000190734863,11.300000190734863,11.300000190734863,11.5,11.600000381469727
1.100000023841858,1.899999976158142,2.799999952316284,3.0,2.299999952316284,1.100000023841858,-0.0,0.699999988079071,4.400000095367432,7.199999809265137,8.899999618530273,8.699999809265137,9.199999809265137,9.5,10.100000381469727,10.600000381469727,11.0,11.5,11.899999618530273,12.300000190734863,12.5,12.699999809265137,12.800000190734863,12.899999618530273,12.800000190734863,12.800000190734863,12.800000190734863,12.800000190734863,12.699999809265137,12.699999809265137,12.5,12.600000381469727,12.100000381469727,11.600000381469727,11.5,11.600000381469727,11.699999809265137,11.800000190734863,12.0,12.199999809265137,12.199999809265137,11.899999618530273,11.699999809265137,11.5,11.399999618530273,11.300000190734863,11.300000190734863,11.300000190734863
1.2999999523162842,2.0,2.5,2.4000000953674316,1.600000023841858,0.10000000149011612,-1.0,-0.5,2.700000047683716,6.300000190734863,7.900000095367432,8.800000190734863,8.800000190734863,9.600000381469727,10.300000190734863,10.899999618530273,11.300000190734863,11.600000381469727,12.0,12.199999809265137,12.399999618530273,12.5,12.600000381469727,12.699999809265137,12.600000381469727,12.600000381469727,12.600000381469727,12.699999809265137,12.800000190734863,12.699999809265137,12.399999618530273,12.300000190734863,12.0,11.5,11.199999809265137,11.199999809265137,11.199999809265137,11.300000190734863,11.600000381469727,11.800000190734863,11.899999618530273,11.800000190734863,11.600000381469727,11.600000381469727,11.600000381469727,11.699999809265137,11.699999809265137,11.300000190734863
1.2000000476837158,1.7999999523162842,2.0,1.7000000476837158,0.6000000238418579,-0.800000011920929,-1.899999976158142,-1.2000000476837158,1.2999999523162842,5.699999809265137,7.300000190734863,8.699999809265137,9.100000381469727,9.800000190734863,10.300000190734863,10.800000190734863,11.199999809265137,11.5,11.800000190734863,11.899999618530273,12.100000381469727,12.199999809265137,12.399999618530273,12.399999618530273,12.399999618530273,12.399999618530273,12.600000381469727,12.699999809265137,12.699999809265137,12.5,12.199999809265137,11.800000190734863,11.600000381469727,11.199999809265137,10.899999618530273,10.699999809265137,10.600000381469727,10.800000190734863,11.100000381469727,11.399999618530273,11.600000381469727,11.600000381469727,11.600000381469727,11.600000381469727,11.899999618530273,12.100000381469727,12.100000381469727,11.600000381469727
1.2000000476837158,1.600000023841858,1.399999976158142,0.800000011920929,-0.30000001192092896,-1.600000023841858,-2.5999999046325684,-2.0999999046325684,0.8999999761581421,5.699999809265137,7.800000190734863,9.0,9.5,9.800000190734863,10.300000190734863,10.699999809265137,11.0,11.300000190734863,11.5,11.600000381469727,11.699999809265137,11.899999618530273,12.0,12.100000381469727,12.199999809265137,12.199999809265137,12.300000190734863,12.399999618530273,12.399999618530273,12.199999809265137,11.899999618530273,11.600000381469727,11.199999809265137,11.0,10.800000190734863,10.5,10.300000190734863,10.399999618530273,10.699999809265137,11.100000381469727,11.300000190734863,11.399999618530273,11.399999618530273,11.600000381469727,11.800000190734863,12.0,12.0,11.5
1.2000000476837158,1.100000023841858,0.8999999761581421,-0.0,-1.2000000476837158,-2.5,-3.200000047683716,-2.200000047683716,1.7999999523162842,5.800000190734863,8.800000190734863,9.100000381469727,9.5,9.899999618530273,10.199999809265137,10.5,10.699999809265137,10.899999618530273,11.100000381469727,11.300000190734863,11.399999618530273,11.5,11.600000381469727,11.699999809265137,11.800000190734863,11.899999618530273,11.899999618530273,12.0,12.0,12.0,11.800000190734863,11.5,11.300000190734863,11.100000381469727,10.800000190734863,10.399999618530273,10.300000190734863,10.300000190734863,10.600000381469727,10.899999618530273,11.199999809265137,11.199999809265137,11.199999809265137,11.399999618530273,11.5,11.600000381469727,11.600000381469727,11.300000190734863
0.8999999761581421,1.0,0.699999988079071,-0.4000000059604645,-1.5,-2.799999952316284,-3.0,-1.600000023841858,2.700000047683716,7.800000190734863,8.699999809265137,9.399999618530273,9.5,9.800000190734863,10.0,10.199999809265137,10.399999618530273,10.5,10.699999809265137,10.800000190734863,11.0,11.100000381469727,11.100000381469727,11.199999809265137,11.399999618530273,11.5,11.5,11.699999809265137,11.800000190734863,11.899999618530273,11.899999618530273,11.800000190734863,11.5,11.199999809265137,10.800000190734863,10.399999618530273,10.300000190734863,10.399999618530273,10.699999809265137,11.0,11.199999809265137,11.199999809265137,11.199999809265137,11.199999809265137,11.300000190734863,11.199999809265137,11.100000381469727,11.100000381469727
0.800000011920929,1.2000000476837158,0.699999988079071,0.20000000298023224,-1.0,-2.0999999046325684,-2.9000000953674316,-0.20000000298023224,5.300000190734863,8.100000381469727,8.699999809265137,9.399999618530273,9.5,9.699999809265137,9.899999618530273,10.0,10.199999809265137,10.300000190734863,10.399999618530273,10.5,10.600000381469727,10.699999809265137,10.800000190734863,10.899999618530273,11.100000381469727,11.300000190734863,11.5,11.600000381469727,11.800000190734863,12.0,12.100000381469727,12.100000381469727,11.800000190734863,11.300000190734863,10.899999618530273,10.600000381469727,10.600000381469727,10.699999809265137,10.899999618530273,11.100000381469727,11.199999809265137,11.199999809265137,11.100000381469727,11.100000381469727,11.0,10.899999618530273,10.800000190734863,10.800000190734863
0.800000011920929,1.100000023841858,1.2000000476837158,1.7000000476837158,1.0,-1.2999999523162842,-1.7999999523162842,2.0999999046325684,7.099999904632568,8.899999618530273,9.5,9.300000190734863,9.5,9.600000381469727,9.699999809265137,9.899999618530273,10.0,10.100000381469727,10.199999809265137,10.399999618530273,10.5,10.600000381469727,10.699999809265137,10.800000190734863,11.100000381469727,11.300000190734863,11.600000381469727,11.800000190734863,12.0,12.199999809265137,12.300000190734863,12.199999809265137,12.0,11.399999618530273,11.0,10.800000190734863,10.800000190734863,11.0,11.100000381469727,11.300000190734863,11.199999809265137,11.100000381469727,11.0,10.899999618530273,10.800000190734863,10.699999809265137,10.699999809265137,10.699999809265137
0.699999988079071,0.8999999761581421,1.899999976158142,3.5999999046325684,3.4000000953674316,1.0,1.2000000476837158,5.599999904632568,9.0,10.0,9.199999809265137,9.300000190734863,9.399999618530273,9.5,9.600000381469727,9.699999809265137,9.899999618530273,10.0,10.199999809265137,10.300000190734863,10.5,10.699999809265137,10.800000190734863,10.899999618530273,11.199999809265137,11.5,11.699999809265137,11.899999618530273,12.100000381469727,12.300000190734863,12.300000190734863,12.300000190734863,12.100000381469727,11.600000381469727,11.0,10.800000190734863,10.899999618530273,11.100000381469727,11.300000190734863,11.300000190734863,11.300000190734863,11.100000381469727,10.899999618530273,10.899999618530273,10.800000190734863,10.600000381469727,10.600000381469727,10.600000381469727
0.30000001192092896,0.8999999761581421,2.5999999046325684,4.699999809265137,4.900000095367432,2.799999952316284,3.9000000953674316,8.199999809265137,10.100000381469727,9.300000190734863,9.300000190734863,9.199999809265137,9.399999618530273,9.5,9.699999809265137,9.800000190734863,9.899999618530273,10.0,10.199999809265137,10.399999618530273,10.699999809265137,10.899999618530273,11.100000381469727,11.199999809265137,11.399999618530273,11.699999809265137,11.899999618530273,12.0,12.100000381469727,12.199999809265137,12.300000190734863,12.399999618530273,12.300000190734863,11.800000190734863,11.199999809265137,10.800000190734863,10.899999618530273,11.199999809265137,11.300000190734863,11.199999809265137,11.100000381469727,10.899999618530273,10.899999618530273,10.899999618530273,10.899999618530273,10.800000190734863,10.800000190734863,10.800000190734863
