data_weather/step_67.json
{"header": {"nx": 220, "ny": 225, "lo1": 11.000000000000096, "la1": 39.480000000000906, "lo2": 16.475000000000172, "la2": 35.000000000000206, "dx": 0.025000000000000355, "dy": 0.020000000000003126, "scanMode": 0, "refTime": "2026-03-13T07:00:00.000Z", "parameterCategory": 2, "parameterNumber": 2}, "data":
[rows 189 to 209 of 225, columns 47 to 93 of 220]
3.700000047683716,3.700000047683716,3.700000047683716,3.5999999046325684,3.5999999046325684,3.5999999046325684,3.700000047683716,3.799999952316284,3.9000000953674316,4.0,4.099999904632568,4.199999809265137,4.099999904632568,3.9000000953674316,3.799999952316284,3.700000047683716,3.9000000953674316,4.199999809265137,4.300000190734863,4.099999904632568,3.9000000953674316,3.799999952316284,3.9000000953674316,3.799999952316284,3.5,3.4000000953674316,3.299999952316284,3.200000047683716,3.0,3.0999999046325684,3.299999952316284,3.299999952316284,3.200000047683716,3.0,3.0,3.0,3.0,3.0999999046325684,3.0,3.0999999046325684,3.4000000953674316,3.5,3.4000000953674316,3.200000047683716,3.200000047683716,3.0999999046325684,3.299999952316284
3.5,3.5,3.5,3.5,3.5,3.5,3.5999999046325684,3.700000047683716,3.9000000953674316,4.0,4.199999809265137,4.199999809265137,4.0,3.700000047683716,3.4000000953674316,3.4000000953674316,3.9000000953674316,4.300000190734863,4.5,4.300000190734863,3.9000000953674316,3.5999999046325684,3.5999999046325684,3.5,3.200000047683716,3.200000047683716,3.200000047683716,3.200000047683716,3.0999999046325684,3.200000047683716,3.200000047683716,3.0999999046325684,3.0,2.9000000953674316,3.0,3.0999999046325684,3.0,3.0,3.0,3.0,3.200000047683716,3.299999952316284,3.299999952316284,3.200000047683716,3.0999999046325684,3.0999999046325684,3.299999952316284
3.200000047683716,3.299999952316284,3.200000047683716,3.299999952316284,3.299999952316284,3.4000000953674316,3.5999999046325684,3.700000047683716,3.9000000953674316,4.0,4.199999809265137,4.199999809265137,3.9000000953674316,3.4000000953674316,3.0,3.299999952316284,4.0,4.5,4.5,4.199999809265137,3.5999999046325684,3.4000000953674316,3.4000000953674316,3.200000047683716,3.0,3.0999999046325684,3.299999952316284,3.4000000953674316,3.299999952316284,3.0999999046325684,3.0,3.0,2.9000000953674316,2.9000000953674316,3.0999999046325684,3.200000047683716,3.0,2.799999952316284,2.700000047683716,2.799999952316284,3.0,3.0999999046325684,3.200000047683716,3.0999999046325684,3.0999999046325684,3.0999999046325684,3.299999952316284
2.9000000953674316,3.0,3.0,3.0999999046325684,3.200000047683716,3.4000000953674316,3.5999999046325684,3.700000047683716,3.799999952316284,3.9000000953674316,4.099999904632568,4.099999904632568,3.799999952316284,3.0999999046325684,2.9000000953674316,3.700000047683716,4.199999809265137,4.400000095367432,4.099999904632568,3.799999952316284,3.5,3.200000047683716,3.0999999046325684,3.0,2.9000000953674316,3.0,3.4000000953674316,3.5,3.299999952316284,3.0,3.0,2.9000000953674316,2.9000000953674316,3.0,3.200000047683716,3.200000047683716,2.799999952316284,2.5999999046325684,2.5999999046325684,2.700000047683716,2.9000000953674316,3.0,3.0999999046325684,3.0999999046325684,3.0999999046325684,3.200000047683716,3.200000047683716
2.700000047683716,2.799999952316284,2.9000000953674316,3.0,3.0999999046325684,3.299999952316284,3.5,3.5999999046325684,3.700000047683716,3.799999952316284,4.0,4.0,3.700000047683716,3.0999999046325684,3.200000047683716,3.700000047683716,4.099999904632568,4.099999904632568,3.9000000953674316,3.5,3.4000000953674316,3.200000047683716,3.0,2.9000000953674316,3.0,3.0999999046325684,3.299999952316284,3.5,3.299999952316284,3.0,2.9000000953674316,2.9000000953674316,2.9000000953674316,3.0999999046325684,3.200000047683716,3.0,2.700000047683716,2.5999999046325684,2.5999999046325684,2.5999999046325684,2.700000047683716,2.9000000953674316,3.0999999046325684,3.200000047683716,3.200000047683716,3.200000047683716,3.0999999046325684
2.5999999046325684,2.700000047683716,2.799999952316284,2.9000000953674316,3.0999999046325684,3.299999952316284,3.5,3.5,3.5,3.700000047683716,3.799999952316284,3.799999952316284,3.5,3.0999999046325684,3.4000000953674316,3.5999999046325684,3.700000047683716,3.5999999046325684,3.5,3.5,3.299999952316284,3.0999999046325684,3.0,2.9000000953674316,2.9000000953674316,3.0,3.299999952316284,3.4000000953674316,3.299999952316284,3.0999999046325684,3.0,2.9000000953674316,2.9000000953674316,3.0999999046325684,3.0999999046325684,2.799999952316284,2.5999999046325684,2.5999999046325684,2.5999999046325684,2.5,2.5999999046325684,2.9000000953674316,3.0999999046325684,3.200000047683716,3.200000047683716,3.200000047683716,3.0
2.5999999046325684,2.5999999046325684,2.700000047683716,2.9000000953674316,3.0999999046325684,3.299999952316284,3.5,3.5,3.4000000953674316,3.5,3.700000047683716,3.5999999046325684,3.299999952316284,3.200000047683716,3.200000047683716,3.299999952316284,3.299999952316284,3.4000000953674316,3.5,3.5,3.200000047683716,3.0,2.9000000953674316,2.799999952316284,2.9000000953674316,3.0,3.0999999046325684,3.299999952316284,3.299999952316284,3.0999999046325684,3.0,2.9000000953674316,2.9000000953674316,3.0,2.9000000953674316,2.700000047683716,2.5999999046325684,2.5999999046325684,2.5999999046325684,2.5999999046325684,2.700000047683716,2.9000000953674316,3.0999999046325684,3.0999999046325684,3.0999999046325684,3.0,2.9000000953674316
2.5999999046325684,2.5999999046325684,2.799999952316284,3.0,3.0999999046325684,3.200000047683716,3.4000000953674316,3.4000000953674316,3.200000047683716,3.200000047683716,3.4000000953674316,3.299999952316284,3.200000047683716,3.0,3.200000047683716,3.200000047683716,3.299999952316284,3.299999952316284,3.299999952316284,3.200000047683716,3.0,2.9000000953674316,2.799999952316284,2.700000047683716,2.700000047683716,2.799999952316284,3.0,3.299999952316284,3.299999952316284,3.200000047683716,3.0,2.9000000953674316,2.9000000953674316,2.9000000953674316,2.799999952316284,2.5999999046325684,2.5,2.5,2.5999999046325684,2.5999999046325684,2.799999952316284,2.9000000953674316,3.0,3.0,3.0,2.9000000953674316,2.799999952316284
2.5999999046325684,2.5999999046325684,2.700000047683716,2.9000000953674316,3.0,3.0999999046325684,3.299999952316284,3.0999999046325684,3.0,3.0,3.200000047683716,3.200000047683716,3.0,2.799999952316284,2.799999952316284,2.9000000953674316,3.0999999046325684,3.200000047683716,3.0999999046325684,2.9000000953674316,2.799999952316284,2.799999952316284,2.700000047683716,2.5,2.5,2.700000047683716,2.9000000953674316,3.200000047683716,3.4000000953674316,3.200000047683716,3.0,2.799999952316284,2.799999952316284,2.700000047683716,2.5999999046325684,2.5,2.4000000953674316,2.5,2.5999999046325684,2.799999952316284,2.9000000953674316,2.9000000953674316,2.9000000953674316,2.9000000953674316,2.9000000953674316,2.799999952316284,2.5999999046325684
2.5,2.5999999046325684,2.700000047683716,2.799999952316284,2.9000000953674316,3.0,3.0,2.799999952316284,2.700000047683716,2.799999952316284,3.0,3.0,2.799999952316284,2.5999999046325684,2.5999999046325684,2.700000047683716,2.700000047683716,2.5,2.299999952316284,2.4000000953674316,2.5999999046325684,2.700000047683716,2.5,2.299999952316284,2.299999952316284,2.5999999046325684,2.9000000953674316,3.200000047683716,3.299999952316284,3.200000047683716,3.0,2.799999952316284,2.700000047683716,2.5999999046325684,2.5,2.4000000953674316,2.4000000953674316,2.5,2.700000047683716,2.799999952316284,2.9000000953674316,2.799999952316284,2.799999952316284,2.799999952316284,2.799999952316284,2.700000047683716,2.5999999046325684
2.4000000953674316,2.5,2.5999999046325684,2.700000047683716,2.799999952316284,2.700000047683716,2.5999999046325684,2.5,2.5999999046325684,2.700000047683716,2.799999952316284,2.700000047683716,2.700000047683716,2.700000047683716,2.799999952316284,2.9000000953674316,2.700000047683716,2.0999999046325684,1.899999976158142,2.200000047683716,2.4000000953674316,2.4000000953674316,2.200000047683716,2.0999999046325684,2.299999952316284,2.5999999046325684,2.9000000953674316,3.0999999046325684,3.200000047683716,3.0999999046325684,2.9000000953674316,2.700000047683716,2.5999999046325684,2.5,2.299999952316284,2.299999952316284,2.4000000953674316,2.5999999046325684,2.700000047683716,2.799999952316284,2.799999952316284,2.799999952316284,2.700000047683716,2.700000047683716,2.700000047683716,2.5999999046325684,2.5999999046325684
2.299999952316284,2.4000000953674316,2.5,2.5999999046325684,2.5,2.4000000953674316,2.4000000953674316,2.299999952316284,2.5,2.5999999046325684,2.5999999046325684,2.5999999046325684,2.5999999046325684,2.700000047683716,2.799999952316284,2.9000000953674316,2.700000047683716,2.0,1.7999999523162842,2.0999999046325684,2.200000047683716,2.0999999046325684,2.0,2.0999999046325684,2.299999952316284,2.5999999046325684,2.799999952316284,3.0,3.0999999046325684,2.9000000953674316,2.799999952316284,2.700000047683716,2.5999999046325684,2.4000000953674316,2.299999952316284,2.299999952316284,2.5,2.5999999046325684,2.700000047683716,2.799999952316284,2.700000047683716,2.700000047683716,2.700000047683716,2.5999999046325684,2.5999999046325684,2.5999999046325684,2.5
2.200000047683716,2.299999952316284,2.4000000953674316,2.5,2.299999952316284,2.200000047683716,2.200000047683716,2.4000000953674316,2.4000000953674316,2.5,2.5999999046325684,2.700000047683716,2.5999999046325684,2.5,2.5999999046325684,2.700000047683716,2.5,2.200000047683716,2.0,2.0,2.0,2.0,2.0,2.200000047683716,2.4000000953674316,2.5999999046325684,2.700000047683716,2.9000000953674316,2.9000000953674316,2.799999952316284,2.799999952316284,2.700000047683716,2.5,2.299999952316284,2.200000047683716,2.4000000953674316,2.5999999046325684,2.700000047683716,2.700000047683716,2.700000047683716,2.5999999046325684,2.5999999046325684,2.5999999046325684,2.5999999046325684,2.5999999046325684,2.5,2.4000000953674316
2.200000047683716,2.299999952316284,2.299999952316284,2.299999952316284,2.299999952316284,2.299999952316284,2.200000047683716,2.299999952316284,2.4000000953674316,2.5999999046325684,2.700000047683716,2.799999952316284,2.5999999046325684,2.4000000953674316,2.5,2.5999999046325684,2.4000000953674316,2.200000047683716,2.0,2.0,1.899999976158142,1.899999976158142,2.0999999046325684,2.299999952316284,2.5,2.5,2.5999999046325684,2.700000047683716,2.700000047683716,2.5999999046325684,2.700000047683716,2.5999999046325684,2.5,2.299999952316284,2.299999952316284,2.5,2.5999999046325684,2.5999999046325684,2.5999999046325684,2.5999999046325684,2.5999999046325684,2.5999999046325684,2.5999999046325684,2.5999999046325684,2.5,2.4000000953674316,2.299999952316284
2.200000047683716,2.299999952316284,2.4000000953674316,2.299999952316284,2.299999952316284,2.200000047683716,2.200000047683716,2.200000047683716,2.4000000953674316,2.700000047683716,2.9000000953674316,2.9000000953674316,2.5,2.4000000953674316,2.4000000953674316,2.5,2.299999952316284,2.0999999046325684,2.0,2.0,1.899999976158142,2.0,2.200000047683716,2.4000000953674316,2.5,2.5,2.5999999046325684,2.5,2.4000000953674316,2.4000000953674316,2.5,2.5,2.4000000953674316,2.299999952316284,2.4000000953674316,2.5999999046325684,2.5999999046325684,2.5999999046325684,2.5999999046325684,2.5999999046325684,2.5999999046325684,2.5999999046325684,2.5,2.4000000953674316,2.299999952316284,2.299999952316284,2.200000047683716
2.200000047683716,2.299999952316284,2.299999952316284,2.200000047683716,2.299999952316284,2.200000047683716,2.200000047683716,2.200000047683716,2.4000000953674316,2.700000047683716,2.9000000953674316,2.799999952316284,2.700000047683716,2.5,2.4000000953674316,2.299999952316284,2.200000047683716,2.0999999046325684,2.0,1.899999976158142,2.0,2.0999999046325684,2.299999952316284,2.4000000953674316,2.5,2.5,2.4000000953674316,2.299999952316284,2.0999999046325684,2.200000047683716,2.299999952316284,2.4000000953674316,2.4000000953674316,2.4000000953674316,2.5999999046325684,2.5999999046325684,2.5999999046325684,2.5999999046325684,2.5999999046325684,2.5,2.5,2.5,2.4000000953674316,2.299999952316284,2.200000047683716,2.200000047683716,2.200000047683716
2.200000047683716,2.299999952316284,2.299999952316284,2.200000047683716,2.0999999046325684,2.200000047683716,2.200000047683716,2.200000047683716,2.4000000953674316,2.5999999046325684,2.799999952316284,2.9000000953674316,2.700000047683716,2.5,2.4000000953674316,2.200000047683716,2.0999999046325684,1.899999976158142,1.899999976158142,2.0,2.0999999046325684,2.200000047683716,2.299999952316284,2.4000000953674316,2.5,2.5,2.299999952316284,2.0,1.899999976158142,2.0,2.200000047683716,2.4000000953674316,2.4000000953674316,2.5,2.5999999046325684,2.5999999046325684,2.5999999046325684,2.5999999046325684,2.5,2.5,2.5,2.4000000953674316,2.299999952316284,2.200000047683716,2.0999999046325684,2.0999999046325684,2.0999999046325684
2.200000047683716,2.299999952316284,2.200000047683716,2.0999999046325684,2.0999999046325684,2.200000047683716,2.0999999046325684,2.0999999046325684,2.200000047683716,2.5,2.799999952316284,2.9000000953674316,2.700000047683716,2.5,2.299999952316284,2.0999999046325684,2.0,1.899999976158142,1.899999976158142,2.0,2.0999999046325684,2.200000047683716,2.299999952316284,2.4000000953674316,2.5,2.4000000953674316,2.0999999046325684,1.899999976158142,1.7999999523162842,2.0,2.200000047683716,2.4000000953674316,2.5,2.5,2.5999999046325684,2.5999999046325684,2.5999999046325684,2.5,2.5,2.4000000953674316,2.4000000953674316,2.299999952316284,2.200000047683716,2.0999999046325684,2.0999999046325684,2.0999999046325684,2.0999999046325684
2.200000047683716,2.200000047683716,2.0999999046325684,2.0999999046325684,2.0999999046325684,2.0999999046325684,2.0,2.0,2.0999999046325684,2.5,2.700000047683716,2.799999952316284,2.5999999046325684,2.4000000953674316,2.200000047683716,2.0,1.899999976158142,1.7999999523162842,1.899999976158142,2.0,2.0,2.0999999046325684,2.200000047683716,2.299999952316284,2.4000000953674316,2.299999952316284,2.0999999046325684,1.899999976158142,1.899999976158142,2.0,2.200000047683716,2.4000000953674316,2.4000000953674316,2.5,2.5,2.5999999046325684,2.5,2.4000000953674316,2.299999952316284,2.299999952316284,2.299999952316284,2.200000047683716,2.0999999046325684,2.0999999046325684,2.0,2.0,2.0
2.200000047683716,2.0999999046325684,2.0,2.0,2.0999999046325684,2.0,2.0,1.899999976158142,2.0999999046325684,2.4000000953674316,2.700000047683716,2.700000047683716,2.5,2.200000047683716,2.0,1.7999999523162842,1.7999999523162842,1.7999999523162842,1.7999999523162842,1.899999976158142,1.899999976158142,2.0,2.0999999046325684,2.200000047683716,2.299999952316284,2.200000047683716,2.0999999046325684,2.0,2.0,2.0999999046325684,2.299999952316284,2.4000000953674316,2.4000000953674316,2.4000000953674316,2.5,2.4000000953674316,2.4000000953674316,2.299999952316284,2.200000047683716,2.200000047683716,2.200000047683716,2.0999999046325684,2.0999999046325684,2.0999999046325684,2.0,1.899999976158142,1.899999976158142
2.0999999046325684,2.0,2.0,2.0,2.0,2.0,2.0,1.899999976158142,2.0,2.299999952316284,2.5,2.5,2.299999952316284,2.0,1.7999999523162842,1.7000000476837158,1.600000023841858,1.7000000476837158,1.7000000476837158,1.7999999523162842,1.7000000476837158,1.7999999523162842,2.0,2.0999999046325684,2.200000047683716,2.200000047683716,2.200000047683716,2.0999999046325684,2.0999999046325684,2.200000047683716,2.299999952316284,2.4000000953674316,2.299999952316284,2.299999952316284,2.299999952316284,2.299999952316284,2.200000047683716,2.0999999046325684,2.0999999046325684,2.200000047683716,2.200000047683716,2.0999999046325684,2.0,2.0,1.899999976158142,1.7999999523162842,1.7999999523162842
