data_weather/step_16.json
{"header": {"nx": 220, "ny": 225, "lo1": 11.000000000000096, "la1": 39.480000000000906, "lo2": 16.475000000000172, "la2": 35.000000000000206, "dx": 0.025000000000000355, "dy": 0.020000000000003126, "scanMode": 0, "refTime": "2026-03-15T04:00:00.000Z", "parameterCategory": 2, "parameterNumber": 3}, "data":
[rows 63 to 83 of 225, columns 0 to 47 of 220]
-2.5999999046325684,-2.200000047683716,-1.5,-1.100000023841858,-1.0,-2.0999999046325684,-4.400000095367432,-6.800000190734863,-8.600000381469727,-8.399999618530273,-6.5,-1.100000023841858,9.100000381469727,12.100000381469727,12.899999618530273,12.300000190734863,12.600000381469727,12.199999809265137,12.199999809265137,12.5,12.699999809265137,12.800000190734863,12.800000190734863,12.899999618530273,12.899999618530273,12.699999809265137,12.699999809265137,12.699999809265137,12.800000190734863,12.899999618530273,13.0,13.100000381469727,13.100000381469727,13.199999809265137,13.199999809265137,13.399999618530273,13.699999809265137,13.899999618530273,14.100000381469727,14.199999809265137,14.100000381469727,14.0,13.800000190734863,13.5,13.199999809265137,12.800000190734863,12.5,12.600000381469727
-2.9000000953674316,-2.4000000953674316,-1.899999976158142,-1.7999999523162842,-2.4000000953674316,-3.5,-5.400000095367432,-7.5,-8.399999618530273,-8.399999618530273,-7.800000190734863,-3.799999952316284,5.5,12.899999618530273,13.699999809265137,13.199999809265137,12.300000190734863,12.5,12.399999618530273,12.699999809265137,12.800000190734863,12.899999618530273,13.0,13.100000381469727,13.100000381469727,13.0,12.800000190734863,12.899999618530273,13.0,13.0,13.0,13.0,13.0,13.100000381469727,13.100000381469727,13.199999809265137,13.5,13.699999809265137,13.899999618530273,14.100000381469727,14.100000381469727,14.0,13.699999809265137,13.399999618530273,13.0,12.600000381469727,12.199999809265137,12.100000381469727
-3.299999952316284,-2.5999999046325684,-2.200000047683716,-2.5,-3.299999952316284,-4.400000095367432,-5.900000095367432,-7.300000190734863,-7.800000190734863,-8.100000381469727,-8.399999618530273,-5.599999904632568,2.9000000953674316,13.300000190734863,14.600000381469727,13.800000190734863,12.800000190734863,13.0,12.800000190734863,13.0,13.100000381469727,13.199999809265137,13.199999809265137,13.199999809265137,13.199999809265137,13.100000381469727,13.100000381469727,13.0,13.0,12.899999618530273,12.800000190734863,12.800000190734863,12.800000190734863,12.800000190734863,12.899999618530273,13.0,13.199999809265137,13.399999618530273,13.600000381469727,13.800000190734863,14.0,13.899999618530273,13.699999809265137,13.399999618530273,12.899999618530273,12.5,12.100000381469727,11.800000190734863
-3.9000000953674316,-3.0,-2.799999952316284,-3.200000047683716,-4.199999809265137,-5.400000095367432,-6.5,-7.400000095367432,-7.699999809265137,-7.900000095367432,-8.699999809265137,-7.099999904632568,1.2999999523162842,11.100000381469727,15.0,14.600000381469727,13.300000190734863,13.399999618530273,13.199999809265137,13.199999809265137,13.199999809265137,13.199999809265137,13.300000190734863,13.199999809265137,13.199999809265137,13.100000381469727,13.100000381469727,12.899999618530273,12.800000190734863,12.699999809265137,12.5,12.5,12.5,12.600000381469727,12.699999809265137,12.800000190734863,12.899999618530273,13.0,13.100000381469727,13.5,13.699999809265137,13.800000190734863,13.600000381469727,13.399999618530273,13.0,12.5,12.0,11.600000381469727
-4.400000095367432,-3.5,-3.200000047683716,-3.799999952316284,-4.900000095367432,-6.300000190734863,-7.199999809265137,-7.699999809265137,-7.800000190734863,-7.599999904632568,-8.699999809265137,-7.800000190734863,-0.5,9.600000381469727,14.5,13.800000190734863,13.199999809265137,13.0,13.100000381469727,13.0,13.0,13.199999809265137,13.199999809265137,13.100000381469727,12.899999618530273,12.800000190734863,12.800000190734863,12.699999809265137,12.5,12.399999618530273,12.300000190734863,12.199999809265137,12.300000190734863,12.399999618530273,12.600000381469727,12.600000381469727,12.600000381469727,12.699999809265137,12.800000190734863,13.100000381469727,13.399999618530273,13.600000381469727,13.600000381469727,13.399999618530273,13.0,12.600000381469727,12.0,11.5
-4.699999809265137,-4.0,-3.5999999046325684,-4.099999904632568,-5.300000190734863,-6.900000095367432,-7.900000095367432,-8.199999809265137,-8.100000381469727,-7.599999904632568,-8.600000381469727,-7.300000190734863,-0.6000000238418579,8.0,13.300000190734863,12.800000190734863,12.300000190734863,12.0,12.600000381469727,12.699999809265137,12.600000381469727,12.800000190734863,12.800000190734863,12.699999809265137,12.5,12.5,12.399999618530273,12.300000190734863,12.199999809265137,12.199999809265137,12.100000381469727,12.0,12.100000381469727,12.300000190734863,12.399999618530273,12.5,12.5,12.5,12.600000381469727,12.800000190734863,13.0,13.399999618530273,13.5,13.300000190734863,13.100000381469727,12.699999809265137,12.100000381469727,11.5
-4.699999809265137,-4.0,-3.700000047683716,-4.0,-5.199999809265137,-7.0,-8.300000190734863,-8.600000381469727,-8.300000190734863,-8.100000381469727,-8.199999809265137,-6.599999904632568,-0.4000000059604645,6.5,12.0,12.0,11.100000381469727,11.0,11.800000190734863,12.199999809265137,12.300000190734863,12.399999618530273,12.300000190734863,12.100000381469727,12.0,12.100000381469727,12.199999809265137,12.100000381469727,12.0,12.0,11.899999618530273,12.0,12.100000381469727,12.300000190734863,12.399999618530273,12.399999618530273,12.399999618530273,12.399999618530273,12.399999618530273,12.5,12.800000190734863,13.199999809265137,13.399999618530273,13.300000190734863,13.100000381469727,12.699999809265137,12.199999809265137,11.600000381469727
-4.599999904632568,-3.700000047683716,-3.4000000953674316,-3.5999999046325684,-5.0,-6.800000190734863,-8.300000190734863,-8.699999809265137,-8.399999618530273,-8.399999618530273,-8.100000381469727,-6.199999809265137,-0.6000000238418579,5.800000190734863,10.100000381469727,11.0,10.399999618530273,10.600000381469727,11.0,11.600000381469727,11.800000190734863,12.0,11.800000190734863,11.699999809265137,11.800000190734863,12.0,12.199999809265137,12.199999809265137,12.100000381469727,12.0,11.899999618530273,12.0,12.100000381469727,12.300000190734863,12.399999618530273,12.300000190734863,12.399999618530273,12.399999618530273,12.399999618530273,12.300000190734863,12.399999618530273,12.800000190734863,13.199999809265137,13.199999809265137,13.0,12.699999809265137,12.300000190734863,11.699999809265137
-4.199999809265137,-3.299999952316284,-3.0,-3.4000000953674316,-4.699999809265137,-6.400000095367432,-7.699999809265137,-8.300000190734863,-8.199999809265137,-8.300000190734863,-8.0,-6.199999809265137,-1.7000000476837158,3.9000000953674316,7.900000095367432,11.600000381469727,10.399999618530273,10.399999618530273,10.699999809265137,11.300000190734863,11.600000381469727,11.699999809265137,11.600000381469727,11.600000381469727,11.699999809265137,12.0,12.300000190734863,12.300000190734863,12.199999809265137,12.0,12.0,12.0,12.100000381469727,12.300000190734863,12.399999618530273,12.300000190734863,12.5,12.5,12.399999618530273,12.199999809265137,12.300000190734863,12.5,13.0,13.100000381469727,12.899999618530273,12.699999809265137,12.399999618530273,11.899999618530273
-3.9000000953674316,-3.0999999046325684,-2.799999952316284,-3.299999952316284,-4.400000095367432,-5.800000190734863,-7.0,-7.199999809265137,-7.5,-8.0,-7.900000095367432,-5.5,-2.4000000953674316,1.600000023841858,5.699999809265137,10.199999809265137,12.199999809265137,10.699999809265137,11.300000190734863,11.399999618530273,11.699999809265137,11.600000381469727,11.600000381469727,11.699999809265137,11.899999618530273,12.0,12.199999809265137,12.199999809265137,12.199999809265137,12.199999809265137,12.0,11.899999618530273,12.0,12.100000381469727,12.300000190734863,12.399999618530273,12.699999809265137,12.699999809265137,12.5,12.199999809265137,12.100000381469727,12.199999809265137,12.600000381469727,13.100000381469727,12.899999618530273,12.699999809265137,12.5,12.0
-3.9000000953674316,-3.0999999046325684,-2.799999952316284,-3.200000047683716,-4.0,-5.0,-5.599999904632568,-5.900000095367432,-6.900000095367432,-7.699999809265137,-7.5,-5.599999904632568,-2.5,-0.6000000238418579,3.200000047683716,8.5,12.399999618530273,11.600000381469727,11.899999618530273,11.899999618530273,11.899999618530273,12.100000381469727,12.100000381469727,12.199999809265137,12.199999809265137,12.0,11.899999618530273,12.100000381469727,12.199999809265137,12.199999809265137,12.100000381469727,12.0,11.899999618530273,11.899999618530273,12.100000381469727,12.399999618530273,12.699999809265137,12.699999809265137,12.5,12.300000190734863,12.100000381469727,11.699999809265137,12.0,12.899999618530273,12.800000190734863,12.800000190734863,12.600000381469727,12.100000381469727
-4.099999904632568,-3.200000047683716,-2.799999952316284,-3.0,-3.700000047683716,-4.300000190734863,-4.599999904632568,-5.199999809265137,-6.199999809265137,-7.199999809265137,-7.199999809265137,-5.599999904632568,-2.9000000953674316,-1.7000000476837158,1.5,6.699999809265137,12.699999809265137,12.899999618530273,12.199999809265137,12.100000381469727,12.399999618530273,12.699999809265137,12.899999618530273,12.699999809265137,12.399999618530273,11.899999618530273,11.600000381469727,11.800000190734863,12.199999809265137,12.300000190734863,12.300000190734863,12.0,11.899999618530273,11.899999618530273,11.899999618530273,12.100000381469727,12.300000190734863,12.300000190734863,12.300000190734863,12.100000381469727,12.0,11.300000190734863,10.899999618530273,12.399999618530273,12.800000190734863,12.800000190734863,12.699999809265137,12.300000190734863
-4.5,-3.4000000953674316,-2.799999952316284,-2.700000047683716,-3.4000000953674316,-4.0,-4.5,-4.900000095367432,-5.599999904632568,-6.5,-6.5,-5.400000095367432,-3.700000047683716,-2.799999952316284,-0.800000011920929,5.099999904632568,10.800000190734863,13.5,12.100000381469727,12.199999809265137,12.300000190734863,13.100000381469727,13.199999809265137,13.100000381469727,12.5,11.899999618530273,11.5,11.600000381469727,12.100000381469727,12.399999618530273,12.399999618530273,12.100000381469727,11.899999618530273,11.699999809265137,11.600000381469727,11.699999809265137,11.699999809265137,11.800000190734863,11.800000190734863,11.899999618530273,12.0,11.800000190734863,10.800000190734863,12.5,12.800000190734863,12.699999809265137,12.800000190734863,12.5
-4.900000095367432,-3.700000047683716,-2.799999952316284,-2.5999999046325684,-3.200000047683716,-4.0,-4.599999904632568,-4.800000190734863,-5.300000190734863,-5.599999904632568,-5.599999904632568,-4.900000095367432,-4.099999904632568,-3.799999952316284,-2.799999952316284,2.0999999046325684,9.300000190734863,12.699999809265137,11.199999809265137,11.800000190734863,11.899999618530273,12.600000381469727,13.100000381469727,13.100000381469727,12.5,11.899999618530273,11.5,11.5,11.800000190734863,12.199999809265137,12.300000190734863,12.0,11.800000190734863,11.600000381469727,11.399999618530273,11.300000190734863,11.300000190734863,11.399999618530273,11.5,11.699999809265137,11.899999618530273,11.699999809265137,10.0,10.800000190734863,11.899999618530273,12.699999809265137,12.800000190734863,12.699999809265137
-5.199999809265137,-3.9000000953674316,-2.9000000953674316,-2.799999952316284,-3.299999952316284,-4.099999904632568,-4.800000190734863,-4.800000190734863,-4.699999809265137,-4.800000190734863,-4.800000190734863,-4.599999904632568,-4.400000095367432,-4.599999904632568,-4.199999809265137,0.10000000149011612,7.099999904632568,11.5,12.100000381469727,12.100000381469727,12.199999809265137,12.100000381469727,12.399999618530273,12.5,12.300000190734863,12.0,11.600000381469727,11.199999809265137,11.199999809265137,11.5,11.699999809265137,11.800000190734863,11.5,11.399999618530273,11.300000190734863,11.199999809265137,11.199999809265137,11.300000190734863,11.5,11.699999809265137,11.899999618530273,11.699999809265137,10.800000190734863,10.899999618530273,12.0,12.5,12.800000190734863,12.800000190734863
-5.199999809265137,-4.099999904632568,-3.0999999046325684,-2.9000000953674316,-3.4000000953674316,-4.099999904632568,-4.5,-4.599999904632568,-4.300000190734863,-4.300000190734863,-4.300000190734863,-4.300000190734863,-4.5,-5.199999809265137,-5.5,-2.0,5.599999904632568,11.100000381469727,13.399999618530273,12.600000381469727,12.699999809265137,11.699999809265137,11.300000190734863,11.5,11.600000381469727,11.600000381469727,11.399999618530273,10.899999618530273,10.600000381469727,10.5,10.899999618530273,11.199999809265137,11.300000190734863,11.300000190734863,11.399999618530273,11.300000190734863,11.399999618530273,11.5,11.699999809265137,11.800000190734863,11.899999618530273,12.0,11.800000190734863,11.899999618530273,12.199999809265137,12.5,12.699999809265137,12.800000190734863
-5.5,-4.300000190734863,-3.4000000953674316,-3.0,-3.200000047683716,-3.5999999046325684,-4.099999904632568,-4.199999809265137,-4.199999809265137,-4.300000190734863,-4.199999809265137,-4.400000095367432,-5.099999904632568,-6.0,-6.5,-4.0,4.099999904632568,11.699999809265137,13.800000190734863,14.100000381469727,12.399999618530273,11.100000381469727,10.300000190734863,10.5,10.899999618530273,11.199999809265137,11.100000381469727,10.800000190734863,10.199999809265137,10.0,10.199999809265137,10.800000190734863,11.199999809265137,11.199999809265137,11.5,11.5,11.600000381469727,11.699999809265137,11.800000190734863,11.899999618530273,12.0,12.0,12.0,12.100000381469727,12.199999809265137,12.399999618530273,12.5,12.699999809265137
-5.5,-4.599999904632568,-3.5999999046325684,-3.0999999046325684,-3.0,-3.200000047683716,-3.700000047683716,-4.199999809265137,-4.5,-4.599999904632568,-4.400000095367432,-4.599999904632568,-5.300000190734863,-6.599999904632568,-7.300000190734863,-5.199999809265137,2.0999999046325684,10.899999618530273,13.800000190734863,13.800000190734863,11.5,10.5,9.800000190734863,9.800000190734863,10.399999618530273,10.899999618530273,11.100000381469727,10.699999809265137,10.300000190734863,10.100000381469727,10.300000190734863,10.800000190734863,11.5,11.699999809265137,11.699999809265137,11.699999809265137,11.600000381469727,11.699999809265137,11.899999618530273,11.899999618530273,12.0,12.0,11.899999618530273,12.0,12.100000381469727,12.199999809265137,12.399999618530273,12.399999618530273
-5.800000190734863,-5.0,-4.099999904632568,-3.4000000953674316,-3.0,-3.0999999046325684,-3.700000047683716,-4.5,-5.099999904632568,-5.099999904632568,-4.800000190734863,-4.800000190734863,-5.599999904632568,-6.5,-7.5,-6.099999904632568,0.6000000238418579,10.199999809265137,13.399999618530273,12.5,11.199999809265137,9.699999809265137,10.0,10.0,10.199999809265137,10.699999809265137,10.899999618530273,10.699999809265137,10.5,10.5,10.600000381469727,11.0,11.600000381469727,11.899999618530273,11.800000190734863,11.699999809265137,11.699999809265137,11.600000381469727,11.800000190734863,11.899999618530273,12.0,12.0,11.899999618530273,11.899999618530273,12.0,12.100000381469727,12.199999809265137,12.300000190734863
-6.199999809265137,-5.5,-4.699999809265137,-3.9000000953674316,-3.299999952316284,-3.5,-4.300000190734863,-5.099999904632568,-5.699999809265137,-5.5,-5.199999809265137,-5.400000095367432,-6.0,-7.0,-8.199999809265137,-7.0,-0.5,7.5,13.600000381469727,12.399999618530273,10.5,10.300000190734863,10.899999618530273,10.699999809265137,10.600000381469727,10.600000381469727,10.800000190734863,11.0,10.800000190734863,10.899999618530273,11.0,11.100000381469727,11.399999618530273,11.800000190734863,11.899999618530273,11.699999809265137,11.600000381469727,11.600000381469727,11.699999809265137,11.699999809265137,11.800000190734863,11.899999618530273,11.899999618530273,11.899999618530273,11.899999618530273,11.899999618530273,11.899999618530273,12.100000381469727
-6.599999904632568,-6.0,-5.199999809265137,-4.300000190734863,-3.9000000953674316,-4.099999904632568,-4.800000190734863,-5.599999904632568,-5.800000190734863,-5.5,-5.199999809265137,-5.599999904632568,-6.400000095367432,-7.099999904632568,-8.600000381469727,-8.699999809265137,-3.200000047683716,7.900000095367432,12.300000190734863,13.100000381469727,11.0,11.100000381469727,11.300000190734863,11.800000190734863,11.0,10.800000190734863,11.100000381469727,11.300000190734863,11.399999618530273,11.199999809265137,11.100000381469727,11.0,11.100000381469727,11.300000190734863,11.600000381469727,11.699999809265137,11.699999809265137,11.699999809265137,11.600000381469727,11.600000381469727,11.600000381469727,11.699999809265137,11.699999809265137,11.699999809265137,11.699999809265137,11.699999809265137,11.699999809265137,11.899999618530273
