data_weather/step_54.json
{"header": {"nx": 220, "ny": 225, "lo1": 11.000000000000096, "la1": 39.480000000000906, "lo2": 16.475000000000172, "la2": 35.000000000000206, "dx": 0.025000000000000355, "dy": 0.020000000000003126, "scanMode": 0, "refTime": "2026-02-15T06:00:00.000Z", "parameterCategory": 2, "parameterNumber": 3}, "data":
[rows 189 to 209 of 225, columns 47 to 93 of 220]
-5.5,-5.400000095367432,-5.300000190734863,-5.199999809265137,-5.199999809265137,-5.199999809265137,-5.199999809265137,-5.199999809265137,-5.199999809265137,-5.199999809265137,-5.199999809265137,-5.300000190734863,-5.300000190734863,-5.300000190734863,-5.199999809265137,-5.099999904632568,-4.900000095367432,-4.800000190734863,-4.699999809265137,-4.599999904632568,-4.5,-4.300000190734863,-4.0,-3.700000047683716,-3.299999952316284,-3.0999999046325684,-2.9000000953674316,-2.9000000953674316,-2.9000000953674316,-3.0999999046325684,-3.200000047683716,-3.200000047683716,-3.0,-2.799999952316284,-2.5999999046325684,-2.5,-2.200000047683716,-2.0,-1.7999999523162842,-1.7000000476837158,-1.7999999523162842,-1.899999976158142,-1.899999976158142,-1.7999999523162842,-1.5,-1.2999999523162842,-1.2000000476837158
-5.5,-5.5,-5.400000095367432,-5.199999809265137,-5.099999904632568,-5.099999904632568,-5.199999809265137,-5.300000190734863,-5.300000190734863,-5.400000095367432,-5.400000095367432,-5.5,-5.5,-5.400000095367432,-5.300000190734863,-5.199999809265137,-5.0,-4.900000095367432,-4.699999809265137,-4.599999904632568,-4.400000095367432,-4.199999809265137,-3.799999952316284,-3.5,-3.200000047683716,-3.0,-3.0,-3.0,-3.0999999046325684,-3.200000047683716,-3.200000047683716,-3.0999999046325684,-2.9000000953674316,-2.700000047683716,-2.5999999046325684,-2.5,-2.299999952316284,-2.0999999046325684,-1.899999976158142,-1.899999976158142,-2.0,-2.0999999046325684,-2.0,-1.7999999523162842,-1.600000023841858,-1.399999976158142,-1.2999999523162842
-5.599999904632568,-5.599999904632568,-5.400000095367432,-5.300000190734863,-5.199999809265137,-5.199999809265137,-5.300000190734863,-5.5,-5.599999904632568,-5.699999809265137,-5.699999809265137,-5.699999809265137,-5.599999904632568,-5.5,-5.400000095367432,-5.300000190734863,-5.099999904632568,-4.900000095367432,-4.699999809265137,-4.5,-4.300000190734863,-4.0,-3.5999999046325684,-3.4000000953674316,-3.200000047683716,-3.0999999046325684,-3.0,-3.0999999046325684,-3.200000047683716,-3.200000047683716,-3.200000047683716,-3.0,-2.799999952316284,-2.700000047683716,-2.700000047683716,-2.5,-2.299999952316284,-2.0999999046325684,-2.0,-2.0,-2.299999952316284,-2.200000047683716,-2.0999999046325684,-1.899999976158142,-1.600000023841858,-1.5,-1.2999999523162842
-5.800000190734863,-5.699999809265137,-5.5,-5.300000190734863,-5.300000190734863,-5.300000190734863,-5.5,-5.699999809265137,-5.900000095367432,-6.0,-5.900000095367432,-5.800000190734863,-5.599999904632568,-5.5,-5.400000095367432,-5.300000190734863,-5.099999904632568,-4.900000095367432,-4.599999904632568,-4.300000190734863,-4.099999904632568,-3.799999952316284,-3.5,-3.299999952316284,-3.200000047683716,-3.0999999046325684,-3.0999999046325684,-3.200000047683716,-3.200000047683716,-3.200000047683716,-3.0999999046325684,-3.0,-2.799999952316284,-2.799999952316284,-2.700000047683716,-2.5999999046325684,-2.299999952316284,-2.0999999046325684,-2.0999999046325684,-2.200000047683716,-2.299999952316284,-2.200000047683716,-2.0,-1.7000000476837158,-1.600000023841858,-1.399999976158142,-1.2999999523162842
-5.900000095367432,-5.800000190734863,-5.599999904632568,-5.5,-5.400000095367432,-5.400000095367432,-5.599999904632568,-5.800000190734863,-6.0,-6.099999904632568,-6.0,-5.800000190734863,-5.599999904632568,-5.5,-5.400000095367432,-5.300000190734863,-5.199999809265137,-4.900000095367432,-4.5,-4.199999809265137,-4.0,-3.799999952316284,-3.5999999046325684,-3.4000000953674316,-3.299999952316284,-3.200000047683716,-3.200000047683716,-3.200000047683716,-3.299999952316284,-3.200000047683716,-3.0999999046325684,-3.0,-2.9000000953674316,-2.799999952316284,-2.700000047683716,-2.5,-2.299999952316284,-2.200000047683716,-2.0999999046325684,-2.200000047683716,-2.200000047683716,-2.200000047683716,-1.899999976158142,-1.7999999523162842,-1.600000023841858,-1.5,-1.2999999523162842
-6.099999904632568,-6.0,-5.900000095367432,-5.800000190734863,-5.699999809265137,-5.699999809265137,-5.699999809265137,-5.900000095367432,-6.099999904632568,-6.199999809265137,-6.099999904632568,-5.800000190734863,-5.5,-5.400000095367432,-5.400000095367432,-5.300000190734863,-5.099999904632568,-4.800000190734863,-4.5,-4.199999809265137,-4.0,-3.799999952316284,-3.5999999046325684,-3.4000000953674316,-3.299999952316284,-3.299999952316284,-3.299999952316284,-3.299999952316284,-3.299999952316284,-3.299999952316284,-3.0999999046325684,-3.0,-2.799999952316284,-2.799999952316284,-2.5999999046325684,-2.5,-2.4000000953674316,-2.299999952316284,-2.200000047683716,-2.299999952316284,-2.200000047683716,-2.200000047683716,-2.0999999046325684,-1.899999976158142,-1.7999999523162842,-1.7000000476837158,-1.600000023841858
-6.300000190734863,-6.199999809265137,-6.099999904632568,-6.0,-5.800000190734863,-5.800000190734863,-5.800000190734863,-5.900000095367432,-6.099999904632568,-6.099999904632568,-6.0,-5.699999809265137,-5.5,-5.400000095367432,-5.400000095367432,-5.300000190734863,-5.099999904632568,-4.800000190734863,-4.5,-4.099999904632568,-4.0,-3.9000000953674316,-3.700000047683716,-3.5,-3.299999952316284,-3.299999952316284,-3.4000000953674316,-3.4000000953674316,-3.4000000953674316,-3.299999952316284,-3.0999999046325684,-3.0,-2.799999952316284,-2.799999952316284,-2.700000047683716,-2.700000047683716,-2.5,-2.5,-2.5,-2.299999952316284,-2.299999952316284,-2.200000047683716,-2.0999999046325684,-2.0,-1.899999976158142,-1.7000000476837158,-1.600000023841858
-6.300000190734863,-6.199999809265137,-6.099999904632568,-6.0,-5.800000190734863,-5.699999809265137,-5.800000190734863,-5.900000095367432,-6.0,-6.0,-5.800000190734863,-5.599999904632568,-5.300000190734863,-5.400000095367432,-5.199999809265137,-5.300000190734863,-5.099999904632568,-4.800000190734863,-4.5,-4.199999809265137,-4.099999904632568,-3.9000000953674316,-3.700000047683716,-3.5,-3.4000000953674316,-3.299999952316284,-3.299999952316284,-3.299999952316284,-3.200000047683716,-3.0999999046325684,-3.0,-2.9000000953674316,-2.9000000953674316,-2.9000000953674316,-2.9000000953674316,-2.9000000953674316,-2.9000000953674316,-2.9000000953674316,-2.700000047683716,-2.5,-2.200000047683716,-1.899999976158142,-1.899999976158142,-1.7999999523162842,-1.7999999523162842,-1.7000000476837158,-1.600000023841858
-6.199999809265137,-6.099999904632568,-5.900000095367432,-5.699999809265137,-5.599999904632568,-5.599999904632568,-5.699999809265137,-5.699999809265137,-5.800000190734863,-5.800000190734863,-5.599999904632568,-5.400000095367432,-5.199999809265137,-5.400000095367432,-4.599999904632568,-4.699999809265137,-4.599999904632568,-4.300000190734863,-4.199999809265137,-4.0,-3.799999952316284,-3.700000047683716,-3.5,-3.4000000953674316,-3.4000000953674316,-3.4000000953674316,-3.299999952316284,-3.200000047683716,-3.0999999046325684,-3.0999999046325684,-3.0,-3.0,-3.0,-3.0999999046325684,-3.0999999046325684,-3.200000047683716,-3.200000047683716,-3.0999999046325684,-2.9000000953674316,-2.5,-1.899999976158142,-1.7000000476837158,-1.600000023841858,-1.7000000476837158,-1.7000000476837158,-1.7000000476837158,-1.600000023841858
-5.900000095367432,-5.900000095367432,-5.699999809265137,-5.599999904632568,-5.5,-5.5,-5.5,-5.599999904632568,-5.599999904632568,-5.599999904632568,-5.5,-5.199999809265137,-5.199999809265137,-5.5,-4.599999904632568,-4.400000095367432,-3.9000000953674316,-3.4000000953674316,-3.4000000953674316,-3.299999952316284,-3.299999952316284,-3.299999952316284,-3.299999952316284,-3.299999952316284,-3.299999952316284,-3.299999952316284,-3.299999952316284,-3.200000047683716,-3.0999999046325684,-3.0999999046325684,-3.0999999046325684,-3.0999999046325684,-3.200000047683716,-3.200000047683716,-3.200000047683716,-3.299999952316284,-3.4000000953674316,-3.299999952316284,-2.9000000953674316,-2.299999952316284,-1.899999976158142,-1.600000023841858,-1.7000000476837158,-1.7999999523162842,-1.7999999523162842,-1.7000000476837158,-1.5
-5.800000190734863,-5.699999809265137,-5.599999904632568,-5.5,-5.400000095367432,-5.400000095367432,-5.5,-5.5,-5.5,-5.5,-5.400000095367432,-5.400000095367432,-5.300000190734863,-5.5,-5.099999904632568,-4.599999904632568,-4.199999809265137,-2.9000000953674316,-2.9000000953674316,-2.9000000953674316,-2.9000000953674316,-3.0,-3.0999999046325684,-3.200000047683716,-3.299999952316284,-3.299999952316284,-3.299999952316284,-3.200000047683716,-3.299999952316284,-3.200000047683716,-3.0999999046325684,-3.200000047683716,-3.200000047683716,-3.299999952316284,-3.4000000953674316,-3.5,-3.4000000953674316,-3.200000047683716,-2.799999952316284,-2.299999952316284,-2.0,-1.899999976158142,-1.899999976158142,-1.899999976158142,-1.7999999523162842,-1.600000023841858,-1.399999976158142
-5.800000190734863,-5.699999809265137,-5.599999904632568,-5.5,-5.5,-5.5,-5.5,-5.599999904632568,-5.5,-5.5,-5.5,-5.5,-5.400000095367432,-5.400000095367432,-5.199999809265137,-4.800000190734863,-4.699999809265137,-3.5,-3.299999952316284,-3.0999999046325684,-3.0999999046325684,-3.0,-3.0999999046325684,-3.0999999046325684,-3.299999952316284,-3.4000000953674316,-3.4000000953674316,-3.4000000953674316,-3.4000000953674316,-3.200000047683716,-3.299999952316284,-3.200000047683716,-3.299999952316284,-3.299999952316284,-3.4000000953674316,-3.4000000953674316,-3.299999952316284,-3.0,-2.5999999046325684,-2.4000000953674316,-2.200000047683716,-2.0999999046325684,-2.0,-1.899999976158142,-1.7000000476837158,-1.5,-1.2999999523162842
-5.800000190734863,-5.699999809265137,-5.599999904632568,-5.599999904632568,-5.599999904632568,-5.599999904632568,-5.599999904632568,-5.599999904632568,-5.599999904632568,-5.599999904632568,-5.599999904632568,-5.599999904632568,-5.5,-5.400000095367432,-5.099999904632568,-4.599999904632568,-4.400000095367432,-4.099999904632568,-3.799999952316284,-3.5999999046325684,-3.4000000953674316,-3.299999952316284,-3.200000047683716,-3.299999952316284,-3.5,-3.5999999046325684,-3.5999999046325684,-3.5999999046325684,-3.4000000953674316,-3.4000000953674316,-3.200000047683716,-3.299999952316284,-3.299999952316284,-3.299999952316284,-3.299999952316284,-3.0999999046325684,-2.9000000953674316,-2.5999999046325684,-2.5,-2.4000000953674316,-2.299999952316284,-2.200000047683716,-2.0,-1.7999999523162842,-1.600000023841858,-1.399999976158142,-1.2999999523162842
-5.800000190734863,-5.699999809265137,-5.699999809265137,-5.699999809265137,-5.699999809265137,-5.699999809265137,-5.699999809265137,-5.699999809265137,-5.699999809265137,-5.699999809265137,-5.699999809265137,-5.699999809265137,-5.5,-5.300000190734863,-4.900000095367432,-4.5,-4.199999809265137,-4.099999904632568,-4.0,-3.9000000953674316,-3.799999952316284,-3.5999999046325684,-3.5999999046325684,-3.5999999046325684,-3.700000047683716,-3.799999952316284,-3.799999952316284,-3.700000047683716,-3.5,-3.299999952316284,-3.299999952316284,-3.5,-3.299999952316284,-3.299999952316284,-3.0,-2.799999952316284,-2.5,-2.4000000953674316,-2.4000000953674316,-2.4000000953674316,-2.299999952316284,-2.200000047683716,-2.0,-1.7999999523162842,-1.600000023841858,-1.399999976158142,-1.2999999523162842
-5.900000095367432,-5.900000095367432,-5.900000095367432,-5.900000095367432,-5.900000095367432,-5.900000095367432,-5.900000095367432,-5.800000190734863,-5.800000190734863,-5.800000190734863,-5.699999809265137,-5.699999809265137,-5.5,-5.099999904632568,-4.699999809265137,-4.400000095367432,-4.300000190734863,-4.199999809265137,-4.199999809265137,-4.099999904632568,-4.0,-3.799999952316284,-3.799999952316284,-3.799999952316284,-3.9000000953674316,-4.0,-3.9000000953674316,-3.799999952316284,-3.5999999046325684,-3.5,-3.5,-3.5999999046325684,-3.5,-3.200000047683716,-2.799999952316284,-2.5,-2.4000000953674316,-2.4000000953674316,-2.4000000953674316,-2.299999952316284,-2.200000047683716,-2.0999999046325684,-2.0,-1.7999999523162842,-1.600000023841858,-1.5,-1.399999976158142
-6.0,-6.0,-6.099999904632568,-6.099999904632568,-6.099999904632568,-6.099999904632568,-6.0,-5.900000095367432,-5.900000095367432,-5.800000190734863,-5.699999809265137,-5.599999904632568,-5.400000095367432,-5.0,-4.699999809265137,-4.5,-4.400000095367432,-4.400000095367432,-4.400000095367432,-4.300000190734863,-4.099999904632568,-4.0,-3.9000000953674316,-3.9000000953674316,-4.0,-4.0,-3.9000000953674316,-3.799999952316284,-3.700000047683716,-3.5999999046325684,-3.700000047683716,-3.700000047683716,-3.5,-3.0999999046325684,-2.799999952316284,-2.5,-2.5,-2.5,-2.4000000953674316,-2.299999952316284,-2.200000047683716,-2.0999999046325684,-2.0,-1.7999999523162842,-1.7000000476837158,-1.600000023841858,-1.600000023841858
-6.099999904632568,-6.199999809265137,-6.300000190734863,-6.300000190734863,-6.300000190734863,-6.199999809265137,-6.099999904632568,-6.0,-5.900000095367432,-5.800000190734863,-5.699999809265137,-5.5,-5.300000190734863,-5.0,-4.800000190734863,-4.699999809265137,-4.699999809265137,-4.699999809265137,-4.599999904632568,-4.5,-4.300000190734863,-4.0,-3.9000000953674316,-3.9000000953674316,-4.0,-4.099999904632568,-4.0,-4.0,-3.799999952316284,-3.799999952316284,-3.9000000953674316,-3.799999952316284,-3.5,-3.0,-2.799999952316284,-2.5999999046325684,-2.5999999046325684,-2.5999999046325684,-2.5,-2.4000000953674316,-2.299999952316284,-2.0999999046325684,-2.0,-1.899999976158142,-1.7999999523162842,-1.7999999523162842,-1.7999999523162842
-6.099999904632568,-6.300000190734863,-6.400000095367432,-6.400000095367432,-6.300000190734863,-6.199999809265137,-6.0,-5.900000095367432,-5.800000190734863,-5.699999809265137,-5.599999904632568,-5.5,-5.300000190734863,-5.0,-4.900000095367432,-4.900000095367432,-5.0,-5.0,-4.900000095367432,-4.800000190734863,-4.5,-4.199999809265137,-4.099999904632568,-4.099999904632568,-4.199999809265137,-4.199999809265137,-4.199999809265137,-4.099999904632568,-4.0,-4.0,-4.0,-3.799999952316284,-3.299999952316284,-3.0,-2.799999952316284,-2.700000047683716,-2.700000047683716,-2.700000047683716,-2.5999999046325684,-2.4000000953674316,-2.200000047683716,-2.0999999046325684,-2.0,-2.0,-2.0,-2.0,-1.899999976158142
-6.199999809265137,-6.400000095367432,-6.400000095367432,-6.300000190734863,-6.199999809265137,-6.099999904632568,-5.900000095367432,-5.800000190734863,-5.699999809265137,-5.599999904632568,-5.5,-5.400000095367432,-5.199999809265137,-5.099999904632568,-5.0,-5.099999904632568,-5.199999809265137,-5.199999809265137,-5.099999904632568,-4.900000095367432,-4.699999809265137,-4.5,-4.400000095367432,-4.400000095367432,-4.300000190734863,-4.300000190734863,-4.300000190734863,-4.300000190734863,-4.300000190734863,-4.199999809265137,-4.0,-3.5,-3.0999999046325684,-2.799999952316284,-2.799999952316284,-2.799999952316284,-2.799999952316284,-2.700000047683716,-2.5999999046325684,-2.4000000953674316,-2.200000047683716,-2.0999999046325684,-2.0999999046325684,-2.0999999046325684,-2.200000047683716,-2.0999999046325684,-2.0
-6.300000190734863,-6.400000095367432,-6.400000095367432,-6.300000190734863,-6.099999904632568,-6.0,-5.800000190734863,-5.699999809265137,-5.599999904632568,-5.5,-5.400000095367432,-5.400000095367432,-5.300000190734863,-5.199999809265137,-5.099999904632568,-5.199999809265137,-5.300000190734863,-5.300000190734863,-5.099999904632568,-4.900000095367432,-4.800000190734863,-4.699999809265137,-4.5,-4.400000095367432,-4.400000095367432,-4.5,-4.5,-4.5,-4.5,-4.199999809265137,-3.799999952316284,-3.299999952316284,-3.0,-2.799999952316284,-2.799999952316284,-2.799999952316284,-2.799999952316284,-2.5999999046325684,-2.5,-2.299999952316284,-2.200000047683716,-2.200000047683716,-2.200000047683716,-2.299999952316284,-2.299999952316284,-2.200000047683716,-2.0999999046325684
-6.5,-6.400000095367432,-6.400000095367432,-6.199999809265137,-6.099999904632568,-6.0,-5.800000190734863,-5.699999809265137,-5.5,-5.5,-5.400000095367432,-5.400000095367432,-5.300000190734863,-5.300000190734863,-5.199999809265137,-5.300000190734863,-5.300000190734863,-5.300000190734863,-5.199999809265137,-5.0,-4.900000095367432,-4.699999809265137,-4.5,-4.400000095367432,-4.5,-4.599999904632568,-4.699999809265137,-4.699999809265137,-4.5,-4.099999904632568,-3.5999999046325684,-3.200000047683716,-3.0999999046325684,-3.0,-3.0,-2.9000000953674316,-2.700000047683716,-2.5999999046325684,-2.4000000953674316,-2.299999952316284,-2.299999952316284,-2.4000000953674316,-2.4000000953674316,-2.5,-2.4000000953674316,-2.200000047683716,-2.0999999046325684
